0 0
0.1 -0.12207
0.2 -0.122836
0.3 -0.123538
0.4 -0.124175
0.5 -0.12475
0.6 -0.12526
0.7 -0.125709
0.8 -0.126095
0.9 -0.12642
1 -0.126683
1.1 -0.126886
1.2 -0.12703
1.3 -0.127114
1.4 -0.127139
1.5 -0.127105
1.6 -0.127014
1.7 -0.126866
1.8 -0.126662
1.9 -0.126401
2 -0.126085
2.1 -0.125714
2.2 -0.125289
2.3 -0.12481
2.4 -0.124277
2.5 -0.123692
2.6 -0.123054
2.7 -0.122365
2.8 -0.121624
2.9 -0.120832
3 -0.11999
3.1 -0.119098
3.2 -0.118157
3.3 -0.117166
3.4 -0.116127
3.5 -0.11504
3.6 -0.113905
3.7 -0.112722
3.8 -0.111493
3.9 -0.110217
4 -0.108894
4.1 -0.107526
4.2 -0.106112
4.3 -0.104653
4.4 -0.103149
4.5 -0.101601
4.6 -0.100008
4.7 -0.0983716
4.8 -0.0966918
4.9 -0.0949687
5 -0.0932028
5.1 -0.0913944
5.2 -0.0895436
5.3 -0.087651
5.4 -0.0857167
5.5 -0.0837412
5.6 -0.0817246
5.7 -0.0796673
5.8 -0.0775696
5.9 -0.0754317
6 -0.0732541
6.1 -0.071037
6.2 -0.0687807
6.3 -0.0664855
6.4 -0.0641518
6.5 -0.0617798
6.6 -0.0593699
6.7 -0.0569223
6.8 -0.0544375
6.9 -0.0519156
7 -0.0493572
7.1 -0.0467624
7.2 -0.0441317
7.3 -0.0414653
7.4 -0.0387637
7.5 -0.0360271
7.6 -0.0332559
7.7 -0.0304506
7.8 -0.0276114
7.9 -0.0247387
8 -0.021833
8.1 -0.0188945
8.2 -0.0159237
8.3 -0.012921
8.4 -0.00988675
8.5 -0.00682138
8.6 -0.00372529
8.7 -0.000598907
8.8 0.00255736
8.9 0.00574308
9 0.00895783
9.1 0.0122012
9.2 0.0154727
9.3 0.0187719
9.4 0.0220983
9.5 0.0254516
9.6 0.0288312
9.7 0.0322367
9.8 0.0356677
9.9 0.0391236
10 0.0426039
10.1 0.0461083
10.2 0.0496363
10.3 0.0531873
10.4 0.0567609
10.5 0.0603566
10.6 0.0639739
10.7 0.0676123
10.8 0.0712714
10.9 0.0749506
11 0.0786495
11.1 0.0823676
11.2 0.0861044
11.3 0.0898593
11.4 0.093632
11.5 0.0974219
11.6 0.101229
11.7 0.105052
11.8 0.10889
11.9 0.112744
12 0.116613
12.1 0.120496
12.2 0.124393
12.3 0.128304
12.4 0.132227
12.5 0.136163
12.6 0.140111
12.7 0.144071
12.8 0.148041
12.9 0.152023
13 0.156014
13.1 0.160016
13.2 0.164026
13.3 0.168046
13.4 0.172074
13.5 0.176111
13.6 0.180155
13.7 0.184206
13.8 0.188265
13.9 0.19233
14 0.196401
14.1 0.200478
14.2 0.20456
14.3 0.208648
14.4 0.21274
14.5 0.216837
14.6 0.220938
14.7 0.225042
14.8 0.22915
14.9 0.233261
15 0.237375
15.1 0.241491
15.2 0.24561
15.3 0.24973
15.4 0.253853
15.5 0.257976
15.6 0.262101
15.7 0.266227
15.8 0.270353
15.9 0.27448
16 0.278608
16.1 0.282735
16.2 0.286862
16.3 0.290989
16.4 0.295115
16.5 0.299241
16.6 0.303366
16.7 0.30749
16.8 0.311612
16.9 0.315734
17 0.319854
17.1 0.323972
17.2 0.328089
17.3 0.332204
17.4 0.336317
17.5 0.340428
17.6 0.344537
17.7 0.348644
17.8 0.352748
17.9 0.356851
18 0.360951
18.1 0.365049
18.2 0.369145
18.3 0.373238
18.4 0.377328
18.5 0.381417
18.6 0.385503
18.7 0.389586
18.8 0.393667
18.9 0.397746
19 0.401822
19.1 0.405896
19.2 0.409968
19.3 0.414037
19.4 0.418104
19.5 0.422169
19.6 0.426232
19.7 0.430293
19.8 0.434352
19.9 0.438409
20 0.442465
20.1 0.446518
20.2 0.450571
20.3 0.454621
20.4 0.458671
20.5 0.462719
20.6 0.466766
20.7 0.470812
20.8 0.474857
20.9 0.478902
21 0.482946
21.1 0.486989
21.2 0.491032
21.3 0.495076
21.4 0.499119
21.5 0.503162
21.6 0.507206
21.7 0.511251
21.8 0.515296
21.9 0.519342
22 0.523389
22.1 0.527438
22.2 0.531488
22.3 0.535539
22.4 0.539593
22.5 0.543649
22.6 0.547707
22.7 0.551767
22.8 0.55583
22.9 0.559896
23 0.563966
23.1 0.568038
23.2 0.572114
23.3 0.576194
23.4 0.580278
23.5 0.584366
23.6 0.588459
23.7 0.592556
23.8 0.596659
23.9 0.600766
24 0.604879
24.1 0.608997
24.2 0.613121
24.3 0.617252
24.4 0.621388
24.5 0.625531
24.6 0.629681
24.7 0.633838
24.8 0.638001
24.9 0.642173
25 0.646352
25.1 0.650539
25.2 0.654734
25.3 0.658937
25.4 0.663149
25.5 0.667369
25.6 0.671599
25.7 0.675838
25.8 0.680086
25.9 0.684344
26 0.688611
26.1 0.692889
26.2 0.697177
26.3 0.701475
26.4 0.705784
26.5 0.710104
26.6 0.714435
26.7 0.718777
26.8 0.72313
26.9 0.727495
27 0.731871
27.1 0.73626
27.2 0.74066
27.3 0.745073
27.4 0.749498
27.5 0.753935
27.6 0.758385
27.7 0.762848
27.8 0.767324
27.9 0.771812
28 0.776314
28.1 0.780829
28.2 0.785358
28.3 0.789899
28.4 0.794455
28.5 0.799023
28.6 0.803606
28.7 0.808202
28.8 0.812812
28.9 0.817436
29 0.822074
29.1 0.826725
29.2 0.831391
29.3 0.83607
29.4 0.840764
29.5 0.845471
29.6 0.850192
29.7 0.854928
29.8 0.859677
29.9 0.86444
30 0.869217
30.1 0.874007
30.2 0.878812
30.3 0.88363
30.4 0.888461
30.5 0.893306
30.6 0.898165
30.7 0.903036
30.8 0.907921
30.9 0.912819
31 0.91773
31.1 0.922653
31.2 0.92759
31.3 0.932538
31.4 0.937499
31.5 0.942472
31.6 0.947457
31.7 0.952453
31.8 0.957461
31.9 0.962481
32 0.967511
32.1 0.972552
32.2 0.977604
32.3 0.982666
32.4 0.987738
32.5 0.99282
32.6 0.997911
32.7 1.00301
32.8 1.00812
32.9 1.01324
33 1.01837
33.1 1.0235
33.2 1.02864
33.3 1.03379
33.4 1.03895
33.5 1.04411
33.6 1.04928
33.7 1.05446
33.8 1.05964
33.9 1.06483
34 1.07002
34.1 1.07522
34.2 1.08042
34.3 1.08562
34.4 1.09083
34.5 1.09604
34.6 1.10125
34.7 1.10647
34.8 1.11169
34.9 1.1169
35 1.12212
35.1 1.12735
35.2 1.13257
35.3 1.13779
35.4 1.14301
35.5 1.14823
35.6 1.15344
35.7 1.15866
35.8 1.16387
35.9 1.16908
36 1.17429
36.1 1.17949
36.2 1.18469
36.3 1.18989
36.4 1.19508
36.5 1.20027
36.6 1.20545
36.7 1.21062
36.8 1.21579
36.9 1.22095
37 1.2261
37.1 1.23125
37.2 1.23639
37.3 1.24152
37.4 1.24664
37.5 1.25175
37.6 1.25685
37.7 1.26194
37.8 1.26703
37.9 1.2721
38 1.27716
38.1 1.28221
38.2 1.28724
38.3 1.29227
38.4 1.29728
38.5 1.30228
38.6 1.30727
38.7 1.31225
38.8 1.31721
38.9 1.32215
39 1.32709
39.1 1.33201
39.2 1.33691
39.3 1.3418
39.4 1.34667
39.5 1.35153
39.6 1.35637
39.7 1.3612
39.8 1.36601
39.9 1.3708
40 1.37558
40.1 1.38034
40.2 1.38508
40.3 1.3898
40.4 1.39451
40.5 1.3992
40.6 1.40388
40.7 1.40853
40.8 1.41317
40.9 1.41778
41 1.42238
41.1 1.42696
41.2 1.43153
41.3 1.43607
41.4 1.44059
41.5 1.4451
41.6 1.44958
41.7 1.45405
41.8 1.4585
41.9 1.46293
42 1.46733
42.1 1.47172
42.2 1.47609
42.3 1.48044
42.4 1.48477
42.5 1.48908
42.6 1.49337
42.7 1.49765
42.8 1.5019
42.9 1.50613
43 1.51034
43.1 1.51453
43.2 1.5187
43.3 1.52286
43.4 1.52699
43.5 1.5311
43.6 1.53519
43.7 1.53927
43.8 1.54332
43.9 1.54735
44 1.55137
44.1 1.55536
44.2 1.55934
44.3 1.5633
44.4 1.56723
44.5 1.57115
44.6 1.57505
44.7 1.57893
44.8 1.58279
44.9 1.58663
45 1.59045
45.1 1.59425
45.2 1.59804
45.3 1.6018
45.4 1.60555
45.5 1.60928
45.6 1.61299
45.7 1.61668
45.8 1.62036
45.9 1.62401
46 1.62765
46.1 1.63127
46.2 1.63487
46.3 1.63846
46.4 1.64203
46.5 1.64557
46.6 1.64911
46.7 1.65262
46.8 1.65612
46.9 1.6596
47 1.66307
47.1 1.66651
47.2 1.66995
47.3 1.67336
47.4 1.67676
47.5 1.68014
47.6 1.68351
47.7 1.68686
47.8 1.69019
47.9 1.69351
48 1.69681
48.1 1.7001
48.2 1.70337
48.3 1.70663
48.4 1.70987
48.5 1.7131
48.6 1.71631
48.7 1.71951
48.8 1.72269
48.9 1.72586
49 1.72901
49.1 1.73215
49.2 1.73527
49.3 1.73839
49.4 1.74148
49.5 1.74457
49.6 1.74764
49.7 1.75069
49.8 1.75374
49.9 1.75677
50 1.75978
50.1 1.76279
50.2 1.76578
50.3 1.76876
50.4 1.77172
50.5 1.77467
50.6 1.77762
50.7 1.78054
50.8 1.78346
50.9 1.78636
51 1.78926
51.1 1.79214
51.2 1.79501
51.3 1.79786
51.4 1.80071
51.5 1.80354
51.6 1.80637
51.7 1.80918
51.8 1.81198
51.9 1.81477
52 1.81755
52.1 1.82032
52.2 1.82307
52.3 1.82582
52.4 1.82856
52.5 1.83129
52.6 1.834
52.7 1.83671
52.8 1.83941
52.9 1.84209
53 1.84477
53.1 1.84744
53.2 1.8501
53.3 1.85275
53.4 1.85538
53.5 1.85802
53.6 1.86064
53.7 1.86325
53.8 1.86585
53.9 1.86845
54 1.87103
54.1 1.87361
54.2 1.87618
54.3 1.87874
54.4 1.88129
54.5 1.88384
54.6 1.88637
54.7 1.8889
54.8 1.89142
54.9 1.89394
55 1.89644
55.1 1.89894
55.2 1.90143
55.3 1.90391
55.4 1.90639
55.5 1.90885
55.6 1.91132
55.7 1.91377
55.8 1.91622
55.9 1.91866
56 1.92109
56.1 1.92352
56.2 1.92594
56.3 1.92835
56.4 1.93076
56.5 1.93316
56.6 1.93556
56.7 1.93795
56.8 1.94033
56.9 1.94271
57 1.94509
57.1 1.94745
57.2 1.94981
57.3 1.95217
57.4 1.95452
57.5 1.95686
57.6 1.9592
57.7 1.96154
57.8 1.96387
57.9 1.9662
58 1.96852
58.1 1.97083
58.2 1.97314
58.3 1.97545
58.4 1.97775
58.5 1.98005
58.6 1.98234
58.7 1.98463
58.8 1.98692
58.9 1.9892
59 1.99148
59.1 1.99375
59.2 1.99602
59.3 1.99829
59.4 2.00055
59.5 2.00282
59.6 2.00507
59.7 2.00733
59.8 2.00958
59.9 2.01183
60 2.01407
60.1 2.01631
60.2 2.01855
60.3 2.02079
60.4 2.02303
60.5 2.02526
60.6 2.02749
60.7 2.02972
60.8 2.03194
60.9 2.03417
61 2.03639
61.1 2.03861
61.2 2.04083
61.3 2.04305
61.4 2.04526
61.5 2.04748
61.6 2.04969
61.7 2.0519
61.8 2.05411
61.9 2.05633
62 2.05853
62.1 2.06074
62.2 2.06295
62.3 2.06516
62.4 2.06737
62.5 2.06958
62.6 2.07178
62.7 2.07399
62.8 2.0762
62.9 2.0784
63 2.08061
63.1 2.08282
63.2 2.08503
63.3 2.08724
63.4 2.08945
63.5 2.09166
63.6 2.09387
63.7 2.09608
63.8 2.0983
63.9 2.10051
64 2.10273
64.1 2.10495
64.2 2.10717
64.3 2.10939
64.4 2.11161
64.5 2.11384
64.6 2.11607
64.7 2.1183
64.8 2.12053
64.9 2.12277
65 2.125
65.1 2.12724
65.2 2.12949
65.3 2.13173
65.4 2.13398
65.5 2.13623
65.6 2.13849
65.7 2.14075
65.8 2.14301
65.9 2.14528
66 2.14755
66.1 2.14983
66.2 2.1521
66.3 2.15439
66.4 2.15668
66.5 2.15897
66.6 2.16126
66.7 2.16357
66.8 2.16587
66.9 2.16818
67 2.1705
67.1 2.17282
67.2 2.17515
67.3 2.17748
67.4 2.17982
67.5 2.18217
67.6 2.18452
67.7 2.18688
67.8 2.18924
67.9 2.19161
68 2.19399
68.1 2.19637
68.2 2.19876
68.3 2.20116
68.4 2.20356
68.5 2.20598
68.6 2.2084
68.7 2.21082
68.8 2.21326
68.9 2.2157
69 2.21815
69.1 2.22061
69.2 2.22308
69.3 2.22555
69.4 2.22804
69.5 2.23053
69.6 2.23303
69.7 2.23554
69.8 2.23807
69.9 2.2406
70 2.24314
70.1 2.24568
70.2 2.24824
70.3 2.25081
70.4 2.25339
70.5 2.25598
70.6 2.25858
70.7 2.2612
70.8 2.26382
70.9 2.26645
71 2.26909
71.1 2.27175
71.2 2.27442
71.3 2.27709
71.4 2.27978
71.5 2.28249
71.6 2.2852
71.7 2.28793
71.8 2.29066
71.9 2.29342
72 2.29618
72.1 2.29896
72.2 2.30175
72.3 2.30455
72.4 2.30736
72.5 2.31019
72.6 2.31304
72.7 2.31589
72.8 2.31876
72.9 2.32165
73 2.32454
73.1 2.32746
73.2 2.33038
73.3 2.33333
73.4 2.33628
73.5 2.33925
73.6 2.34224
73.7 2.34524
73.8 2.34826
73.9 2.35129
74 2.35434
74.1 2.3574
74.2 2.36048
74.3 2.36357
74.4 2.36668
74.5 2.36981
74.6 2.37295
74.7 2.37611
74.8 2.37929
74.9 2.38248
75 2.38569
75.1 2.38891
75.2 2.39216
75.3 2.39542
75.4 2.39869
75.5 2.40199
75.6 2.4053
75.7 2.40863
75.8 2.41197
75.9 2.41533
76 2.41871
76.1 2.42211
76.2 2.42553
76.3 2.42896
76.4 2.43241
76.5 2.43588
76.6 2.43937
76.7 2.44287
76.8 2.4464
76.9 2.44994
77 2.45349
77.1 2.45707
77.2 2.46067
77.3 2.46428
77.4 2.46791
77.5 2.47156
77.6 2.47522
77.7 2.47891
77.8 2.48261
77.9 2.48633
78 2.49007
78.1 2.49382
78.2 2.49759
78.3 2.50138
78.4 2.50519
78.5 2.50902
78.6 2.51286
78.7 2.51672
78.8 2.5206
78.9 2.52449
79 2.5284
79.1 2.53233
79.2 2.53628
79.3 2.54024
79.4 2.54422
79.5 2.54821
79.6 2.55222
79.7 2.55624
79.8 2.56029
79.9 2.56434
80 2.56841
80.1 2.5725
80.2 2.5766
80.3 2.58072
80.4 2.58485
80.5 2.58899
80.6 2.59315
80.7 2.59732
80.8 2.60151
80.9 2.6057
81 2.60991
81.1 2.61414
81.2 2.61837
81.3 2.62262
81.4 2.62687
81.5 2.63114
81.6 2.63542
81.7 2.63971
81.8 2.64401
81.9 2.64831
82 2.65263
82.1 2.65696
82.2 2.66129
82.3 2.66563
82.4 2.66998
82.5 2.67434
82.6 2.6787
82.7 2.68307
82.8 2.68744
82.9 2.69182
83 2.6962
83.1 2.70059
83.2 2.70498
83.3 2.70938
83.4 2.71377
83.5 2.71817
83.6 2.72257
83.7 2.72697
83.8 2.73138
83.9 2.73578
84 2.74018
84.1 2.74458
84.2 2.74898
84.3 2.75338
84.4 2.75777
84.5 2.76216
84.6 2.76655
84.7 2.77093
84.8 2.77531
84.9 2.77968
85 2.78405
85.1 2.78841
85.2 2.79276
85.3 2.79711
85.4 2.80144
85.5 2.80577
85.6 2.81009
85.7 2.8144
85.8 2.8187
85.9 2.82298
86 2.82726
86.1 2.83152
86.2 2.83577
86.3 2.84001
86.4 2.84423
86.5 2.84844
86.6 2.85263
86.7 2.85681
86.8 2.86097
86.9 2.86512
87 2.86925
87.1 2.87336
87.2 2.87745
87.3 2.88153
87.4 2.88558
87.5 2.88962
87.6 2.89363
87.7 2.89763
87.8 2.9016
87.9 2.90556
88 2.90949
88.1 2.9134
88.2 2.91728
88.3 2.92115
88.4 2.92499
88.5 2.9288
88.6 2.9326
88.7 2.93636
88.8 2.9401
88.9 2.94382
89 2.94751
89.1 2.95118
89.2 2.95482
89.3 2.95843
89.4 2.96201
89.5 2.96557
89.6 2.9691
89.7 2.9726
89.8 2.97608
89.9 2.97952
90 2.98294
90.1 2.98633
90.2 2.98968
90.3 2.99301
90.4 2.99631
90.5 2.99959
90.6 3.00283
90.7 3.00604
90.8 3.00922
90.9 3.01237
91 3.01549
91.1 3.01858
91.2 3.02164
91.3 3.02467
91.4 3.02766
91.5 3.03063
91.6 3.03356
91.7 3.03647
91.8 3.03934
91.9 3.04219
92 3.045
92.1 3.04778
92.2 3.05053
92.3 3.05325
92.4 3.05593
92.5 3.05859
92.6 3.06122
92.7 3.06381
92.8 3.06637
92.9 3.06891
93 3.07141
93.1 3.07388
93.2 3.07632
93.3 3.07873
93.4 3.08111
93.5 3.08346
93.6 3.08578
93.7 3.08807
93.8 3.09033
93.9 3.09255
94 3.09475
94.1 3.09692
94.2 3.09906
94.3 3.10118
94.4 3.10326
94.5 3.10531
94.6 3.10734
94.7 3.10933
94.8 3.1113
94.9 3.11324
95 3.11515
95.1 3.11704
95.2 3.11889
95.3 3.12072
95.4 3.12252
95.5 3.1243
95.6 3.12605
95.7 3.12777
95.8 3.12946
95.9 3.13113
96 3.13277
96.1 3.13439
96.2 3.13598
96.3 3.13755
96.4 3.13909
96.5 3.14061
96.6 3.1421
96.7 3.14357
96.8 3.14502
96.9 3.14644
97 3.14783
97.1 3.14921
97.2 3.15056
97.3 3.15189
97.4 3.15319
97.5 3.15448
97.6 3.15574
97.7 3.15698
97.8 3.1582
97.9 3.15939
98 3.16057
98.1 3.16172
98.2 3.16286
98.3 3.16397
98.4 3.16507
98.5 3.16614
98.6 3.16719
98.7 3.16823
98.8 3.16925
98.9 3.17024
99 3.17122
99.1 3.17218
99.2 3.17312
99.3 3.17405
99.4 3.17495
99.5 3.17584
99.6 3.17671
99.7 3.17757
99.8 3.17841
99.9 3.17923
100 3.18003
100.001 0
