0 -10
0.1 -9.60447
0.2 -9.60309
0.3 -9.60172
0.4 -9.60035
0.5 -9.59899
0.6 -9.59763
0.7 -9.59628
0.8 -9.59493
0.9 -9.59358
1 -9.59224
1.1 -9.5909
1.2 -9.58957
1.3 -9.58824
1.4 -9.58692
1.5 -9.58559
1.6 -9.58428
1.7 -9.58296
1.8 -9.58165
1.9 -9.58034
2 -9.57903
2.1 -9.57773
2.2 -9.57643
2.3 -9.57513
2.4 -9.57384
2.5 -9.57254
2.6 -9.57125
2.7 -9.56996
2.8 -9.56867
2.9 -9.56738
3 -9.5661
3.1 -9.56481
3.2 -9.56353
3.3 -9.56225
3.4 -9.56096
3.5 -9.55968
3.6 -9.5584
3.7 -9.55712
3.8 -9.55583
3.9 -9.55455
4 -9.55327
4.1 -9.55198
4.2 -9.5507
4.3 -9.54941
4.4 -9.54813
4.5 -9.54684
4.6 -9.54555
4.7 -9.54426
4.8 -9.54296
4.9 -9.54167
5 -9.54037
5.1 -9.53907
5.2 -9.53777
5.3 -9.53646
5.4 -9.53516
5.5 -9.53385
5.6 -9.53253
5.7 -9.53121
5.8 -9.52989
5.9 -9.52857
6 -9.52724
6.1 -9.52591
6.2 -9.52458
6.3 -9.52324
6.4 -9.5219
6.5 -9.52055
6.6 -9.5192
6.7 -9.51785
6.8 -9.51649
6.9 -9.51512
7 -9.51376
7.1 -9.51238
7.2 -9.511
7.3 -9.50962
7.4 -9.50823
7.5 -9.50684
7.6 -9.50545
7.7 -9.50404
7.8 -9.50264
7.9 -9.50123
8 -9.49981
8.1 -9.49839
8.2 -9.49696
8.3 -9.49553
8.4 -9.49409
8.5 -9.49265
8.6 -9.4912
8.7 -9.48975
8.8 -9.48829
8.9 -9.48683
9 -9.48536
9.1 -9.48389
9.2 -9.48241
9.3 -9.48093
9.4 -9.47944
9.5 -9.47795
9.6 -9.47645
9.7 -9.47495
9.8 -9.47344
9.9 -9.47193
10 -9.47042
10.1 -9.4689
10.2 -9.46737
10.3 -9.46584
10.4 -9.46431
10.5 -9.46277
10.6 -9.46123
10.7 -9.45969
10.8 -9.45814
10.9 -9.45659
11 -9.45503
11.1 -9.45347
11.2 -9.4519
11.3 -9.45034
11.4 -9.44877
11.5 -9.44719
11.6 -9.44562
11.7 -9.44404
11.8 -9.44246
11.9 -9.44087
12 -9.43928
12.1 -9.43769
12.2 -9.4361
12.3 -9.43451
12.4 -9.43291
12.5 -9.43131
12.6 -9.42971
12.7 -9.42811
12.8 -9.4265
12.9 -9.4249
13 -9.42329
13.1 -9.42168
13.2 -9.42007
13.3 -9.41846
13.4 -9.41685
13.5 -9.41523
13.6 -9.41362
13.7 -9.412
13.8 -9.41039
13.9 -9.40877
14 -9.40716
14.1 -9.40554
14.2 -9.40393
14.3 -9.40231
14.4 -9.40069
14.5 -9.39908
14.6 -9.39746
14.7 -9.39585
14.8 -9.39423
14.9 -9.39262
15 -9.391
15.1 -9.38939
15.2 -9.38778
15.3 -9.38617
15.4 -9.38456
15.5 -9.38295
15.6 -9.38134
15.7 -9.37973
15.8 -9.37813
15.9 -9.37652
16 -9.37492
16.1 -9.37332
16.2 -9.37172
16.3 -9.37012
16.4 -9.36852
16.5 -9.36693
16.6 -9.36533
16.7 -9.36374
16.8 -9.36215
16.9 -9.36056
17 -9.35898
17.1 -9.35739
17.2 -9.35581
17.3 -9.35423
17.4 -9.35265
17.5 -9.35108
17.6 -9.3495
17.7 -9.34793
17.8 -9.34636
17.9 -9.34479
18 -9.34322
18.1 -9.34166
18.2 -9.3401
18.3 -9.33854
18.4 -9.33698
18.5 -9.33542
18.6 -9.33387
18.7 -9.33232
18.8 -9.33077
18.9 -9.32922
19 -9.32767
19.1 -9.32613
19.2 -9.32459
19.3 -9.32305
19.4 -9.32151
19.5 -9.31998
19.6 -9.31844
19.7 -9.31691
19.8 -9.31538
19.9 -9.31385
20 -9.31232
20.1 -9.3108
20.2 -9.30928
20.3 -9.30775
20.4 -9.30623
20.5 -9.30471
20.6 -9.3032
20.7 -9.30168
20.8 -9.30017
20.9 -9.29865
21 -9.29714
21.1 -9.29563
21.2 -9.29412
21.3 -9.29261
21.4 -9.2911
21.5 -9.2896
21.6 -9.28809
21.7 -9.28659
21.8 -9.28508
21.9 -9.28358
22 -9.28208
22.1 -9.28057
22.2 -9.27907
22.3 -9.27757
22.4 -9.27607
22.5 -9.27457
22.6 -9.27307
22.7 -9.27157
22.8 -9.27007
22.9 -9.26856
23 -9.26706
23.1 -9.26556
23.2 -9.26406
23.3 -9.26256
23.4 -9.26106
23.5 -9.25955
23.6 -9.25805
23.7 -9.25655
23.8 -9.25504
23.9 -9.25354
24 -9.25203
24.1 -9.25052
24.2 -9.24901
24.3 -9.2475
24.4 -9.24599
24.5 -9.24448
24.6 -9.24297
24.7 -9.24145
24.8 -9.23993
24.9 -9.23842
25 -9.2369
25.1 -9.23537
25.2 -9.23385
25.3 -9.23233
25.4 -9.2308
25.5 -9.22927
25.6 -9.22774
25.7 -9.2262
25.8 -9.22467
25.9 -9.22313
26 -9.22159
26.1 -9.22005
26.2 -9.2185
26.3 -9.21696
26.4 -9.21541
26.5 -9.21385
26.6 -9.2123
26.7 -9.21074
26.8 -9.20918
26.9 -9.20762
27 -9.20605
27.1 -9.20449
27.2 -9.20292
27.3 -9.20134
27.4 -9.19977
27.5 -9.19819
27.6 -9.1966
27.7 -9.19502
27.8 -9.19343
27.9 -9.19184
28 -9.19025
28.1 -9.18865
28.2 -9.18705
28.3 -9.18545
28.4 -9.18385
28.5 -9.18224
28.6 -9.18063
28.7 -9.17902
28.8 -9.1774
28.9 -9.17578
29 -9.17416
29.1 -9.17254
29.2 -9.17091
29.3 -9.16928
29.4 -9.16765
29.5 -9.16602
29.6 -9.16438
29.7 -9.16274
29.8 -9.1611
29.9 -9.15946
30 -9.15782
30.1 -9.15617
30.2 -9.15452
30.3 -9.15287
30.4 -9.15122
30.5 -9.14957
30.6 -9.14791
30.7 -9.14626
30.8 -9.1446
30.9 -9.14294
31 -9.14128
31.1 -9.13962
31.2 -9.13796
31.3 -9.1363
31.4 -9.13464
31.5 -9.13297
31.6 -9.13131
31.7 -9.12965
31.8 -9.12798
31.9 -9.12632
32 -9.12466
32.1 -9.123
32.2 -9.12134
32.3 -9.11968
32.4 -9.11802
32.5 -9.11636
32.6 -9.1147
32.7 -9.11305
32.8 -9.11139
32.9 -9.10974
33 -9.10809
33.1 -9.10644
33.2 -9.1048
33.3 -9.10316
33.4 -9.10152
33.5 -9.09988
33.6 -9.09825
33.7 -9.09662
33.8 -9.09499
33.9 -9.09337
34 -9.09175
34.1 -9.09013
34.2 -9.08852
34.3 -9.08691
34.4 -9.08531
34.5 -9.08371
34.6 -9.08212
34.7 -9.08053
34.8 -9.07895
34.9 -9.07738
35 -9.07581
35.1 -9.07424
35.2 -9.07268
35.3 -9.07113
35.4 -9.06958
35.5 -9.06804
35.6 -9.06651
35.7 -9.06498
35.8 -9.06346
35.9 -9.06195
36 -9.06045
36.1 -9.05895
36.2 -9.05746
36.3 -9.05598
36.4 -9.0545
36.5 -9.05304
36.6 -9.05158
36.7 -9.05013
36.8 -9.04869
36.9 -9.04726
37 -9.04583
37.1 -9.04442
37.2 -9.04301
37.3 -9.04161
37.4 -9.04023
37.5 -9.03885
37.6 -9.03748
37.7 -9.03612
37.8 -9.03477
37.9 -9.03343
38 -9.03209
38.1 -9.03077
38.2 -9.02946
38.3 -9.02816
38.4 -9.02687
38.5 -9.02558
38.6 -9.02431
38.7 -9.02305
38.8 -9.0218
38.9 -9.02056
39 -9.01932
39.1 -9.0181
39.2 -9.01689
39.3 -9.01569
39.4 -9.0145
39.5 -9.01332
39.6 -9.01215
39.7 -9.01099
39.8 -9.00984
39.9 -9.0087
40 -9.00757
40.1 -9.00646
40.2 -9.00535
40.3 -9.00425
40.4 -9.00316
40.5 -9.00209
40.6 -9.00102
40.7 -8.99996
40.8 -8.99892
40.9 -8.99788
41 -8.99686
41.1 -8.99584
41.2 -8.99484
41.3 -8.99384
41.4 -8.99285
41.5 -8.99188
41.6 -8.99091
41.7 -8.98996
41.8 -8.98901
41.9 -8.98808
42 -8.98715
42.1 -8.98623
42.2 -8.98533
42.3 -8.98443
42.4 -8.98354
42.5 -8.98266
42.6 -8.9818
42.7 -8.98094
42.8 -8.98009
42.9 -8.97925
43 -8.97841
43.1 -8.97759
43.2 -8.97678
43.3 -8.97597
43.4 -8.97518
43.5 -8.97439
43.6 -8.97361
43.7 -8.97284
43.8 -8.97208
43.9 -8.97133
44 -8.97058
44.1 -8.96985
44.2 -8.96912
44.3 -8.9684
44.4 -8.96769
44.5 -8.96699
44.6 -8.96629
44.7 -8.9656
44.8 -8.96492
44.9 -8.96425
45 -8.96359
45.1 -8.96293
45.2 -8.96228
45.3 -8.96164
45.4 -8.96101
45.5 -8.96038
45.6 -8.95976
45.7 -8.95915
45.8 -8.95855
45.9 -8.95795
46 -8.95736
46.1 -8.95677
46.2 -8.9562
46.3 -8.95563
46.4 -8.95506
46.5 -8.9545
46.6 -8.95395
46.7 -8.95341
46.8 -8.95287
46.9 -8.95234
47 -8.95181
47.1 -8.95129
47.2 -8.95078
47.3 -8.95027
47.4 -8.94977
47.5 -8.94928
47.6 -8.94879
47.7 -8.94831
47.8 -8.94783
47.9 -8.94736
48 -8.94689
48.1 -8.94643
48.2 -8.94597
48.3 -8.94552
48.4 -8.94508
48.5 -8.94464
48.6 -8.94421
48.7 -8.94378
48.8 -8.94335
48.9 -8.94294
49 -8.94252
49.1 -8.94211
49.2 -8.94171
49.3 -8.94131
49.4 -8.94092
49.5 -8.94053
49.6 -8.94014
49.7 -8.93976
49.8 -8.93939
49.9 -8.93902
50 -8.93865
50.1 -8.93829
50.2 -8.93793
50.3 -8.93758
50.4 -8.93723
50.5 -8.93689
50.6 -8.93655
50.7 -8.93621
50.8 -8.93588
50.9 -8.93555
51 -8.93523
51.1 -8.93491
51.2 -8.9346
51.3 -8.93429
51.4 -8.93398
51.5 -8.93367
51.6 -8.93337
51.7 -8.93308
51.8 -8.93279
51.9 -8.9325
52 -8.93221
52.1 -8.93193
52.2 -8.93166
52.3 -8.93138
52.4 -8.93111
52.5 -8.93085
52.6 -8.93058
52.7 -8.93032
52.8 -8.93007
52.9 -8.92981
53 -8.92956
53.1 -8.92932
53.2 -8.92908
53.3 -8.92884
53.4 -8.9286
53.5 -8.92837
53.6 -8.92814
53.7 -8.92791
53.8 -8.92769
53.9 -8.92747
54 -8.92725
54.1 -8.92703
54.2 -8.92682
54.3 -8.92662
54.4 -8.92641
54.5 -8.92621
54.6 -8.92601
54.7 -8.92581
54.8 -8.92562
54.9 -8.92543
55 -8.92524
55.1 -8.92506
55.2 -8.92487
55.3 -8.9247
55.4 -8.92452
55.5 -8.92435
55.6 -8.92417
55.7 -8.92401
55.8 -8.92384
55.9 -8.92368
56 -8.92352
56.1 -8.92336
56.2 -8.92321
56.3 -8.92305
56.4 -8.9229
56.5 -8.92276
56.6 -8.92261
56.7 -8.92247
56.8 -8.92233
56.9 -8.9222
57 -8.92206
57.1 -8.92193
57.2 -8.9218
57.3 -8.92167
57.4 -8.92155
57.5 -8.92143
57.6 -8.92131
57.7 -8.92119
57.8 -8.92108
57.9 -8.92097
58 -8.92086
58.1 -8.92075
58.2 -8.92064
58.3 -8.92054
58.4 -8.92044
58.5 -8.92034
58.6 -8.92025
58.7 -8.92015
58.8 -8.92006
58.9 -8.91997
59 -8.91989
59.1 -8.9198
59.2 -8.91972
59.3 -8.91964
59.4 -8.91957
59.5 -8.91949
59.6 -8.91942
59.7 -8.91935
59.8 -8.91928
59.9 -8.91921
60 -8.91915
60.1 -8.91909
60.2 -8.91903
60.3 -8.91897
60.4 -8.91892
60.5 -8.91886
60.6 -8.91881
60.7 -8.91877
60.8 -8.91872
60.9 -8.91868
61 -8.91863
61.1 -8.9186
61.2 -8.91856
61.3 -8.91852
61.4 -8.91849
61.5 -8.91846
61.6 -8.91843
61.7 -8.91841
61.8 -8.91838
61.9 -8.91836
62 -8.91834
62.1 -8.91832
62.2 -8.91831
62.3 -8.91829
62.4 -8.91828
62.5 -8.91827
62.6 -8.91827
62.7 -8.91826
62.8 -8.91826
62.9 -8.91826
63 -8.91826
63.1 -8.91827
63.2 -8.91828
63.3 -8.91828
63.4 -8.9183
63.5 -8.91831
63.6 -8.91833
63.7 -8.91834
63.8 -8.91836
63.9 -8.91839
64 -8.91841
64.1 -8.91844
64.2 -8.91847
64.3 -8.9185
64.4 -8.91853
64.5 -8.91857
64.6 -8.91861
64.7 -8.91865
64.8 -8.91869
64.9 -8.91874
65 -8.91878
65.1 -8.91883
65.2 -8.91889
65.3 -8.91894
65.4 -8.919
65.5 -8.91906
65.6 -8.91912
65.7 -8.91919
65.8 -8.91925
65.9 -8.91932
66 -8.91939
66.1 -8.91947
66.2 -8.91955
66.3 -8.91963
66.4 -8.91971
66.5 -8.91979
66.6 -8.91988
66.7 -8.91997
66.8 -8.92006
66.9 -8.92016
67 -8.92025
67.1 -8.92035
67.2 -8.92046
67.3 -8.92056
67.4 -8.92067
67.5 -8.92078
67.6 -8.9209
67.7 -8.92101
67.8 -8.92113
67.9 -8.92125
68 -8.92138
68.1 -8.92151
68.2 -8.92164
68.3 -8.92177
68.4 -8.92191
68.5 -8.92205
68.6 -8.92219
68.7 -8.92233
68.8 -8.92248
68.9 -8.92264
69 -8.92279
69.1 -8.92295
69.2 -8.92311
69.3 -8.92327
69.4 -8.92344
69.5 -8.92361
69.6 -8.92379
69.7 -8.92396
69.8 -8.92414
69.9 -8.92433
70 -8.92451
70.1 -8.9247
70.2 -8.9249
70.3 -8.9251
70.4 -8.9253
70.5 -8.9255
70.6 -8.92571
70.7 -8.92592
70.8 -8.92614
70.9 -8.92636
71 -8.92658
71.1 -8.92681
71.2 -8.92704
71.3 -8.92727
71.4 -8.92751
71.5 -8.92775
71.6 -8.928
71.7 -8.92825
71.8 -8.9285
71.9 -8.92876
72 -8.92903
72.1 -8.92929
72.2 -8.92956
72.3 -8.92984
72.4 -8.93012
72.5 -8.9304
72.6 -8.93069
72.7 -8.93098
72.8 -8.93128
72.9 -8.93158
73 -8.93189
73.1 -8.9322
73.2 -8.93251
73.3 -8.93283
73.4 -8.93315
73.5 -8.93348
73.6 -8.93382
73.7 -8.93416
73.8 -8.9345
73.9 -8.93485
74 -8.9352
74.1 -8.93556
74.2 -8.93592
74.3 -8.93629
74.4 -8.93667
74.5 -8.93705
74.6 -8.93743
74.7 -8.93782
74.8 -8.93821
74.9 -8.93861
75 -8.93902
75.1 -8.93943
75.2 -8.93985
75.3 -8.94027
75.4 -8.9407
75.5 -8.94113
75.6 -8.94157
75.7 -8.94201
75.8 -8.94246
75.9 -8.94292
76 -8.94338
76.1 -8.94385
76.2 -8.94432
76.3 -8.9448
76.4 -8.94528
76.5 -8.94577
76.6 -8.94627
76.7 -8.94677
76.8 -8.94728
76.9 -8.9478
77 -8.94832
77.1 -8.94884
77.2 -8.94938
77.3 -8.94992
77.4 -8.95046
77.5 -8.95101
77.6 -8.95157
77.7 -8.95213
77.8 -8.9527
77.9 -8.95328
78 -8.95386
78.1 -8.95445
78.2 -8.95505
78.3 -8.95565
78.4 -8.95626
78.5 -8.95687
78.6 -8.95749
78.7 -8.95812
78.8 -8.95875
78.9 -8.95939
79 -8.96003
79.1 -8.96068
79.2 -8.96134
79.3 -8.96201
79.4 -8.96268
79.5 -8.96335
79.6 -8.96404
79.7 -8.96472
79.8 -8.96542
79.9 -8.96612
80 -8.96683
80.1 -8.96754
80.2 -8.96826
80.3 -8.96898
80.4 -8.96972
80.5 -8.97045
80.6 -8.97119
80.7 -8.97194
80.8 -8.9727
80.9 -8.97346
81 -8.97422
81.1 -8.97499
81.2 -8.97577
81.3 -8.97655
81.4 -8.97734
81.5 -8.97813
81.6 -8.97893
81.7 -8.97974
81.8 -8.98055
81.9 -8.98136
82 -8.98218
82.1 -8.983
82.2 -8.98383
82.3 -8.98466
82.4 -8.9855
82.5 -8.98634
82.6 -8.98719
82.7 -8.98804
82.8 -8.9889
82.9 -8.98976
83 -8.99062
83.1 -8.99149
83.2 -8.99236
83.3 -8.99324
83.4 -8.99412
83.5 -8.995
83.6 -8.99589
83.7 -8.99678
83.8 -8.99767
83.9 -8.99857
84 -8.99947
84.1 -9.00037
84.2 -9.00128
84.3 -9.00219
84.4 -9.0031
84.5 -9.00401
84.6 -9.00493
84.7 -9.00585
84.8 -9.00677
84.9 -9.00769
85 -9.00861
85.1 -9.00954
85.2 -9.01047
85.3 -9.0114
85.4 -9.01233
85.5 -9.01326
85.6 -9.0142
85.7 -9.01513
85.8 -9.01607
85.9 -9.01701
86 -9.01794
86.1 -9.01888
86.2 -9.01982
86.3 -9.02076
86.4 -9.0217
86.5 -9.02264
86.6 -9.02358
86.7 -9.02452
86.8 -9.02546
86.9 -9.0264
87 -9.02734
87.1 -9.02828
87.2 -9.02922
87.3 -9.03016
87.4 -9.03109
87.5 -9.03203
87.6 -9.03297
87.7 -9.0339
87.8 -9.03483
87.9 -9.03577
88 -9.0367
88.1 -9.03763
88.2 -9.03855
88.3 -9.03948
88.4 -9.04041
88.5 -9.04133
88.6 -9.04225
88.7 -9.04317
88.8 -9.04409
88.9 -9.045
89 -9.04591
89.1 -9.04682
89.2 -9.04773
89.3 -9.04864
89.4 -9.04954
89.5 -9.05044
89.6 -9.05134
89.7 -9.05224
89.8 -9.05313
89.9 -9.05402
90 -9.05491
90.1 -9.05579
90.2 -9.05667
90.3 -9.05755
90.4 -9.05843
90.5 -9.0593
90.6 -9.06017
90.7 -9.06103
90.8 -9.0619
90.9 -9.06276
91 -9.06361
91.1 -9.06446
91.2 -9.06531
91.3 -9.06616
91.4 -9.067
91.5 -9.06784
91.6 -9.06868
91.7 -9.06951
91.8 -9.07034
91.9 -9.07116
92 -9.07198
92.1 -9.0728
92.2 -9.07361
92.3 -9.07442
92.4 -9.07523
92.5 -9.07603
92.6 -9.07683
92.7 -9.07762
92.8 -9.07841
92.9 -9.0792
93 -9.07998
93.1 -9.08076
93.2 -9.08154
93.3 -9.08231
93.4 -9.08308
93.5 -9.08384
93.6 -9.0846
93.7 -9.08536
93.8 -9.08611
93.9 -9.08686
94 -9.0876
94.1 -9.08834
94.2 -9.08908
94.3 -9.08981
94.4 -9.09054
94.5 -9.09126
94.6 -9.09198
94.7 -9.0927
94.8 -9.09341
94.9 -9.09412
95 -9.09483
95.1 -9.09553
95.2 -9.09623
95.3 -9.09692
95.4 -9.09761
95.5 -9.09829
95.6 -9.09898
95.7 -9.09965
95.8 -9.10033
95.9 -9.101
96 -9.10166
96.1 -9.10233
96.2 -9.10299
96.3 -9.10364
96.4 -9.10429
96.5 -9.10494
96.6 -9.10558
96.7 -9.10622
96.8 -9.10686
96.9 -9.10749
97 -9.10812
97.1 -9.10874
97.2 -9.10937
97.3 -9.10998
97.4 -9.1106
97.5 -9.11121
97.6 -9.11181
97.7 -9.11242
97.8 -9.11302
97.9 -9.11361
98 -9.11421
98.1 -9.11479
98.2 -9.11538
98.3 -9.11596
98.4 -9.11654
98.5 -9.11711
98.6 -9.11769
98.7 -9.11825
98.8 -9.11882
98.9 -9.11938
99 -9.11994
99.1 -9.12049
99.2 -9.12104
99.3 -9.12159
99.4 -9.12213
99.5 -9.12268
99.6 -9.12321
99.7 -9.12375
99.8 -9.12428
99.9 -9.12481
100 -9.12533
100.001 -10
