0 5
0.1 5.00268
0.2 5.00295
0.3 5.00322
0.4 5.00349
0.5 5.00377
0.6 5.00404
0.7 5.00433
0.8 5.00461
0.9 5.0049
1 5.00519
1.1 5.00548
1.2 5.00578
1.3 5.00608
1.4 5.00638
1.5 5.00669
1.6 5.007
1.7 5.00731
1.8 5.00762
1.9 5.00794
2 5.00825
2.1 5.00857
2.2 5.0089
2.3 5.00922
2.4 5.00955
2.5 5.00988
2.6 5.01022
2.7 5.01055
2.8 5.01089
2.9 5.01123
3 5.01157
3.1 5.01192
3.2 5.01227
3.3 5.01262
3.4 5.01297
3.5 5.01332
3.6 5.01368
3.7 5.01404
3.8 5.0144
3.9 5.01476
4 5.01513
4.1 5.0155
4.2 5.01587
4.3 5.01624
4.4 5.01661
4.5 5.01699
4.6 5.01737
4.7 5.01775
4.8 5.01814
4.9 5.01852
5 5.01891
5.1 5.0193
5.2 5.01969
5.3 5.02009
5.4 5.02048
5.5 5.02088
5.6 5.02129
5.7 5.02169
5.8 5.0221
5.9 5.02251
6 5.02292
6.1 5.02333
6.2 5.02375
6.3 5.02416
6.4 5.02459
6.5 5.02501
6.6 5.02543
6.7 5.02586
6.8 5.02629
6.9 5.02673
7 5.02716
7.1 5.0276
7.2 5.02804
7.3 5.02849
7.4 5.02893
7.5 5.02938
7.6 5.02983
7.7 5.03029
7.8 5.03074
7.9 5.0312
8 5.03167
8.1 5.03213
8.2 5.0326
8.3 5.03307
8.4 5.03354
8.5 5.03402
8.6 5.0345
8.7 5.03498
8.8 5.03546
8.9 5.03595
9 5.03644
9.1 5.03693
9.2 5.03743
9.3 5.03793
9.4 5.03843
9.5 5.03893
9.6 5.03944
9.7 5.03995
9.8 5.04047
9.9 5.04098
10 5.0415
10.1 5.04202
10.2 5.04255
10.3 5.04308
10.4 5.04361
10.5 5.04414
10.6 5.04468
10.7 5.04522
10.8 5.04576
10.9 5.04631
11 5.04686
11.1 5.04741
11.2 5.04796
11.3 5.04852
11.4 5.04908
11.5 5.04964
11.6 5.05021
11.7 5.05078
11.8 5.05135
11.9 5.05192
12 5.0525
12.1 5.05308
12.2 5.05367
12.3 5.05425
12.4 5.05484
12.5 5.05544
12.6 5.05603
12.7 5.05663
12.8 5.05723
12.9 5.05783
13 5.05844
13.1 5.05905
13.2 5.05966
13.3 5.06028
13.4 5.06089
13.5 5.06151
13.6 5.06214
13.7 5.06276
13.8 5.06339
13.9 5.06402
14 5.06466
14.1 5.0653
14.2 5.06594
14.3 5.06658
14.4 5.06722
14.5 5.06787
14.6 5.06852
14.7 5.06918
14.8 5.06983
14.9 5.07049
15 5.07115
15.1 5.07182
15.2 5.07248
15.3 5.07315
15.4 5.07382
15.5 5.0745
15.6 5.07517
15.7 5.07585
15.8 5.07654
15.9 5.07722
16 5.07791
16.1 5.0786
16.2 5.07929
16.3 5.07999
16.4 5.08068
16.5 5.08139
16.6 5.08209
16.7 5.08279
16.8 5.0835
16.9 5.08421
17 5.08493
17.1 5.08564
17.2 5.08636
17.3 5.08708
17.4 5.08781
17.5 5.08853
17.6 5.08926
17.7 5.09
17.8 5.09073
17.9 5.09147
18 5.09221
18.1 5.09295
18.2 5.0937
18.3 5.09445
18.4 5.0952
18.5 5.09595
18.6 5.09671
18.7 5.09747
18.8 5.09823
18.9 5.099
19 5.09977
19.1 5.10054
19.2 5.10131
19.3 5.10209
19.4 5.10287
19.5 5.10365
19.6 5.10444
19.7 5.10523
19.8 5.10602
19.9 5.10682
20 5.10762
20.1 5.10842
20.2 5.10923
20.3 5.11003
20.4 5.11085
20.5 5.11166
20.6 5.11248
20.7 5.1133
20.8 5.11413
20.9 5.11496
21 5.11579
21.1 5.11663
21.2 5.11747
21.3 5.11832
21.4 5.11916
21.5 5.12002
21.6 5.12087
21.7 5.12173
21.8 5.1226
21.9 5.12347
22 5.12434
22.1 5.12522
22.2 5.1261
22.3 5.12698
22.4 5.12787
22.5 5.12877
22.6 5.12967
22.7 5.13057
22.8 5.13148
22.9 5.13239
23 5.13331
23.1 5.13424
23.2 5.13516
23.3 5.1361
23.4 5.13704
23.5 5.13798
23.6 5.13893
23.7 5.13988
23.8 5.14084
23.9 5.14181
24 5.14278
24.1 5.14376
24.2 5.14474
24.3 5.14573
24.4 5.14673
24.5 5.14773
24.6 5.14874
24.7 5.14975
24.8 5.15077
24.9 5.1518
25 5.15283
25.1 5.15388
25.2 5.15492
25.3 5.15598
25.4 5.15704
25.5 5.15811
25.6 5.15919
25.7 5.16027
25.8 5.16136
25.9 5.16246
26 5.16357
26.1 5.16468
26.2 5.16581
26.3 5.16694
26.4 5.16808
26.5 5.16922
26.6 5.17038
26.7 5.17154
26.8 5.17272
26.9 5.1739
27 5.17509
27.1 5.17629
27.2 5.1775
27.3 5.17872
27.4 5.17995
27.5 5.18118
27.6 5.18243
27.7 5.18369
27.8 5.18496
27.9 5.18623
28 5.18752
28.1 5.18882
28.2 5.19012
28.3 5.19144
28.4 5.19277
28.5 5.19411
28.6 5.19546
28.7 5.19682
28.8 5.1982
28.9 5.19958
29 5.20097
29.1 5.20238
29.2 5.2038
29.3 5.20523
29.4 5.20667
29.5 5.20812
29.6 5.20959
29.7 5.21106
29.8 5.21255
29.9 5.21405
30 5.21557
30.1 5.21709
30.2 5.21863
30.3 5.22018
30.4 5.22175
30.5 5.22332
30.6 5.22491
30.7 5.22651
30.8 5.22813
30.9 5.22975
31 5.23139
31.1 5.23305
31.2 5.23472
31.3 5.2364
31.4 5.23809
31.5 5.23979
31.6 5.24151
31.7 5.24325
31.8 5.24499
31.9 5.24675
32 5.24853
32.1 5.25031
32.2 5.25211
32.3 5.25392
32.4 5.25575
32.5 5.25759
32.6 5.25944
32.7 5.26131
32.8 5.26319
32.9 5.26508
33 5.26698
33.1 5.2689
33.2 5.27083
33.3 5.27278
33.4 5.27473
33.5 5.2767
33.6 5.27868
33.7 5.28068
33.8 5.28269
33.9 5.28471
34 5.28674
34.1 5.28878
34.2 5.29083
34.3 5.2929
34.4 5.29498
34.5 5.29707
34.6 5.29917
34.7 5.30128
34.8 5.30341
34.9 5.30554
35 5.30768
35.1 5.30984
35.2 5.312
35.3 5.31418
35.4 5.31636
35.5 5.31855
35.6 5.32076
35.7 5.32297
35.8 5.32519
35.9 5.32742
36 5.32965
36.1 5.3319
36.2 5.33415
36.3 5.33641
36.4 5.33867
36.5 5.34095
36.6 5.34322
36.7 5.34551
36.8 5.3478
36.9 5.3501
37 5.3524
37.1 5.35471
37.2 5.35702
37.3 5.35933
37.4 5.36165
37.5 5.36397
37.6 5.3663
37.7 5.36863
37.8 5.37096
37.9 5.3733
38 5.37563
38.1 5.37797
38.2 5.38031
38.3 5.38265
38.4 5.38499
38.5 5.38733
38.6 5.38967
38.7 5.39201
38.8 5.39435
38.9 5.39668
39 5.39902
39.1 5.40135
39.2 5.40369
39.3 5.40602
39.4 5.40834
39.5 5.41067
39.6 5.41299
39.7 5.41531
39.8 5.41762
39.9 5.41993
40 5.42223
40.1 5.42453
40.2 5.42683
40.3 5.42911
40.4 5.4314
40.5 5.43367
40.6 5.43595
40.7 5.43821
40.8 5.44047
40.9 5.44272
41 5.44496
41.1 5.4472
41.2 5.44942
41.3 5.45164
41.4 5.45385
41.5 5.45606
41.6 5.45825
41.7 5.46044
41.8 5.46261
41.9 5.46478
42 5.46694
42.1 5.46909
42.2 5.47122
42.3 5.47335
42.4 5.47547
42.5 5.47758
42.6 5.47968
42.7 5.48176
42.8 5.48384
42.9 5.48591
43 5.48796
43.1 5.49
43.2 5.49204
43.3 5.49406
43.4 5.49607
43.5 5.49807
43.6 5.50005
43.7 5.50203
43.8 5.50399
43.9 5.50594
44 5.50788
44.1 5.50981
44.2 5.51173
44.3 5.51363
44.4 5.51552
44.5 5.5174
44.6 5.51927
44.7 5.52113
44.8 5.52297
44.9 5.5248
45 5.52662
45.1 5.52843
45.2 5.53022
45.3 5.53201
45.4 5.53378
45.5 5.53554
45.6 5.53728
45.7 5.53901
45.8 5.54074
45.9 5.54245
46 5.54414
46.1 5.54583
46.2 5.5475
46.3 5.54916
46.4 5.55081
46.5 5.55245
46.6 5.55407
46.7 5.55569
46.8 5.55729
46.9 5.55888
47 5.56045
47.1 5.56202
47.2 5.56357
47.3 5.56511
47.4 5.56664
47.5 5.56816
47.6 5.56967
47.7 5.57117
47.8 5.57265
47.9 5.57412
48 5.57558
48.1 5.57703
48.2 5.57847
48.3 5.5799
48.4 5.58132
48.5 5.58272
48.6 5.58412
48.7 5.5855
48.8 5.58687
48.9 5.58824
49 5.58959
49.1 5.59093
49.2 5.59226
49.3 5.59358
49.4 5.59489
49.5 5.59619
49.6 5.59748
49.7 5.59875
49.8 5.60002
49.9 5.60128
50 5.60253
50.1 5.60377
50.2 5.60499
50.3 5.60621
50.4 5.60742
50.5 5.60862
50.6 5.60981
50.7 5.61099
50.8 5.61216
50.9 5.61332
51 5.61447
51.1 5.61561
51.2 5.61674
51.3 5.61786
51.4 5.61898
51.5 5.62008
51.6 5.62118
51.7 5.62226
51.8 5.62334
51.9 5.62441
52 5.62547
52.1 5.62652
52.2 5.62756
52.3 5.6286
52.4 5.62962
52.5 5.63064
52.6 5.63165
52.7 5.63264
52.8 5.63364
52.9 5.63462
53 5.63559
53.1 5.63656
53.2 5.63752
53.3 5.63847
53.4 5.63941
53.5 5.64034
53.6 5.64127
53.7 5.64219
53.8 5.64309
53.9 5.644
54 5.64489
54.1 5.64578
54.2 5.64666
54.3 5.64753
54.4 5.64839
54.5 5.64925
54.6 5.65009
54.7 5.65093
54.8 5.65177
54.9 5.65259
55 5.65341
55.1 5.65422
55.2 5.65503
55.3 5.65582
55.4 5.65661
55.5 5.65739
55.6 5.65817
55.7 5.65894
55.8 5.6597
55.9 5.66045
56 5.66119
56.1 5.66193
56.2 5.66267
56.3 5.66339
56.4 5.66411
56.5 5.66482
56.6 5.66552
56.7 5.66622
56.8 5.66691
56.9 5.6676
57 5.66827
57.1 5.66894
57.2 5.66961
57.3 5.67026
57.4 5.67091
57.5 5.67156
57.6 5.67219
57.7 5.67282
57.8 5.67345
57.9 5.67406
58 5.67467
58.1 5.67528
58.2 5.67587
58.3 5.67647
58.4 5.67705
58.5 5.67763
58.6 5.6782
58.7 5.67876
58.8 5.67932
58.9 5.67987
59 5.68042
59.1 5.68096
59.2 5.68149
59.3 5.68201
59.4 5.68253
59.5 5.68305
59.6 5.68355
59.7 5.68405
59.8 5.68455
59.9 5.68503
60 5.68552
60.1 5.68599
60.2 5.68646
60.3 5.68692
60.4 5.68738
60.5 5.68783
60.6 5.68827
60.7 5.68871
60.8 5.68914
60.9 5.68956
61 5.68998
61.1 5.69039
61.2 5.69079
61.3 5.69119
61.4 5.69158
61.5 5.69197
61.6 5.69235
61.7 5.69272
61.8 5.69309
61.9 5.69345
62 5.6938
62.1 5.69415
62.2 5.69449
62.3 5.69483
62.4 5.69516
62.5 5.69548
62.6 5.69579
62.7 5.6961
62.8 5.6964
62.9 5.6967
63 5.69699
63.1 5.69727
63.2 5.69755
63.3 5.69782
63.4 5.69808
63.5 5.69834
63.6 5.69859
63.7 5.69883
63.8 5.69907
63.9 5.6993
64 5.69952
64.1 5.69974
64.2 5.69995
64.3 5.70015
64.4 5.70035
64.5 5.70054
64.6 5.70072
64.7 5.7009
64.8 5.70107
64.9 5.70123
65 5.70139
65.1 5.70153
65.2 5.70168
65.3 5.70181
65.4 5.70194
65.5 5.70206
65.6 5.70217
65.7 5.70228
65.8 5.70238
65.9 5.70247
66 5.70255
66.1 5.70263
66.2 5.7027
66.3 5.70276
66.4 5.70282
66.5 5.70287
66.6 5.70291
66.7 5.70294
66.8 5.70297
66.9 5.70299
67 5.703
67.1 5.703
67.2 5.70299
67.3 5.70298
67.4 5.70296
67.5 5.70293
67.6 5.7029
67.7 5.70285
67.8 5.7028
67.9 5.70274
68 5.70267
68.1 5.7026
68.2 5.70251
68.3 5.70242
68.4 5.70232
68.5 5.70221
68.6 5.70209
68.7 5.70197
68.8 5.70183
68.9 5.70169
69 5.70154
69.1 5.70138
69.2 5.70121
69.3 5.70103
69.4 5.70085
69.5 5.70065
69.6 5.70045
69.7 5.70023
69.8 5.70001
69.9 5.69978
70 5.69954
70.1 5.69929
70.2 5.69903
70.3 5.69877
70.4 5.69849
70.5 5.6982
70.6 5.6979
70.7 5.6976
70.8 5.69728
70.9 5.69696
71 5.69662
71.1 5.69628
71.2 5.69592
71.3 5.69556
71.4 5.69518
71.5 5.6948
71.6 5.6944
71.7 5.694
71.8 5.69358
71.9 5.69316
72 5.69272
72.1 5.69227
72.2 5.69182
72.3 5.69135
72.4 5.69087
72.5 5.69038
72.6 5.68988
72.7 5.68937
72.8 5.68885
72.9 5.68831
73 5.68777
73.1 5.68721
73.2 5.68665
73.3 5.68607
73.4 5.68548
73.5 5.68488
73.6 5.68427
73.7 5.68365
73.8 5.68301
73.9 5.68237
74 5.68171
74.1 5.68104
74.2 5.68036
74.3 5.67966
74.4 5.67896
74.5 5.67824
74.6 5.67751
74.7 5.67677
74.8 5.67602
74.9 5.67526
75 5.67448
75.1 5.67369
75.2 5.67289
75.3 5.67208
75.4 5.67125
75.5 5.67041
75.6 5.66956
75.7 5.6687
75.8 5.66783
75.9 5.66694
76 5.66604
76.1 5.66513
76.2 5.6642
76.3 5.66327
76.4 5.66232
76.5 5.66136
76.6 5.66038
76.7 5.6594
76.8 5.6584
76.9 5.65739
77 5.65637
77.1 5.65533
77.2 5.65428
77.3 5.65322
77.4 5.65215
77.5 5.65107
77.6 5.64997
77.7 5.64886
77.8 5.64774
77.9 5.64661
78 5.64547
78.1 5.64431
78.2 5.64315
78.3 5.64197
78.4 5.64077
78.5 5.63957
78.6 5.63836
78.7 5.63713
78.8 5.6359
78.9 5.63465
79 5.63339
79.1 5.63212
79.2 5.63084
79.3 5.62955
79.4 5.62825
79.5 5.62694
79.6 5.62561
79.7 5.62428
79.8 5.62294
79.9 5.62159
80 5.62022
80.1 5.61885
80.2 5.61747
80.3 5.61608
80.4 5.61468
80.5 5.61328
80.6 5.61186
80.7 5.61043
80.8 5.609
80.9 5.60756
81 5.60611
81.1 5.60466
81.2 5.60319
81.3 5.60172
81.4 5.60024
81.5 5.59876
81.6 5.59727
81.7 5.59577
81.8 5.59427
81.9 5.59276
82 5.59124
82.1 5.58972
82.2 5.5882
82.3 5.58667
82.4 5.58514
82.5 5.5836
82.6 5.58206
82.7 5.58051
82.8 5.57896
82.9 5.57741
83 5.57586
83.1 5.5743
83.2 5.57274
83.3 5.57118
83.4 5.56961
83.5 5.56805
83.6 5.56648
83.7 5.56492
83.8 5.56335
83.9 5.56178
84 5.56021
84.1 5.55865
84.2 5.55708
84.3 5.55551
84.4 5.55395
84.5 5.55239
84.6 5.55082
84.7 5.54926
84.8 5.5477
84.9 5.54615
85 5.5446
85.1 5.54305
85.2 5.5415
85.3 5.53996
85.4 5.53842
85.5 5.53688
85.6 5.53535
85.7 5.53382
85.8 5.5323
85.9 5.53078
86 5.52927
86.1 5.52777
86.2 5.52626
86.3 5.52477
86.4 5.52328
86.5 5.5218
86.6 5.52032
86.7 5.51885
86.8 5.51739
86.9 5.51593
87 5.51448
87.1 5.51304
87.2 5.51161
87.3 5.51018
87.4 5.50876
87.5 5.50735
87.6 5.50595
87.7 5.50456
87.8 5.50317
87.9 5.5018
88 5.50043
88.1 5.49907
88.2 5.49772
88.3 5.49638
88.4 5.49505
88.5 5.49372
88.6 5.49241
88.7 5.49111
88.8 5.48981
88.9 5.48853
89 5.48725
89.1 5.48599
89.2 5.48473
89.3 5.48349
89.4 5.48225
89.5 5.48103
89.6 5.47981
89.7 5.47861
89.8 5.47741
89.9 5.47623
90 5.47505
90.1 5.47389
90.2 5.47273
90.3 5.47159
90.4 5.47045
90.5 5.46933
90.6 5.46822
90.7 5.46711
90.8 5.46602
90.9 5.46493
91 5.46386
91.1 5.4628
91.2 5.46175
91.3 5.4607
91.4 5.45967
91.5 5.45865
91.6 5.45763
91.7 5.45663
91.8 5.45564
91.9 5.45465
92 5.45368
92.1 5.45272
92.2 5.45176
92.3 5.45082
92.4 5.44989
92.5 5.44896
92.6 5.44804
92.7 5.44714
92.8 5.44624
92.9 5.44535
93 5.44448
93.1 5.44361
93.2 5.44275
93.3 5.4419
93.4 5.44105
93.5 5.44022
93.6 5.4394
93.7 5.43858
93.8 5.43778
93.9 5.43698
94 5.43619
94.1 5.43541
94.2 5.43463
94.3 5.43387
94.4 5.43311
94.5 5.43237
94.6 5.43163
94.7 5.4309
94.8 5.43017
94.9 5.42946
95 5.42875
95.1 5.42805
95.2 5.42735
95.3 5.42667
95.4 5.42599
95.5 5.42532
95.6 5.42466
95.7 5.424
95.8 5.42335
95.9 5.42271
96 5.42208
96.1 5.42145
96.2 5.42083
96.3 5.42021
96.4 5.41961
96.5 5.41901
96.6 5.41841
96.7 5.41782
96.8 5.41724
96.9 5.41667
97 5.4161
97.1 5.41554
97.2 5.41498
97.3 5.41443
97.4 5.41389
97.5 5.41335
97.6 5.41282
97.7 5.41229
97.8 5.41177
97.9 5.41125
98 5.41074
98.1 5.41024
98.2 5.40974
98.3 5.40924
98.4 5.40876
98.5 5.40827
98.6 5.4078
98.7 5.40732
98.8 5.40685
98.9 5.40639
99 5.40593
99.1 5.40548
99.2 5.40503
99.3 5.40459
99.4 5.40415
99.5 5.40372
99.6 5.40329
99.7 5.40286
99.8 5.40244
99.9 5.40203
100 5.40161
100.001 5
