0 -10
0.1 -9.04128
0.2 -9.04107
0.3 -9.04086
0.4 -9.04065
0.5 -9.04044
0.6 -9.04022
0.7 -9.04001
0.8 -9.0398
0.9 -9.03958
1 -9.03936
1.1 -9.03914
1.2 -9.03892
1.3 -9.0387
1.4 -9.03848
1.5 -9.03826
1.6 -9.03803
1.7 -9.03781
1.8 -9.03758
1.9 -9.03735
2 -9.03712
2.1 -9.03689
2.2 -9.03666
2.3 -9.03642
2.4 -9.03619
2.5 -9.03595
2.6 -9.03571
2.7 -9.03548
2.8 -9.03524
2.9 -9.03499
3 -9.03475
3.1 -9.03451
3.2 -9.03426
3.3 -9.03401
3.4 -9.03376
3.5 -9.03351
3.6 -9.03326
3.7 -9.03301
3.8 -9.03275
3.9 -9.0325
4 -9.03224
4.1 -9.03198
4.2 -9.03172
4.3 -9.03146
4.4 -9.03119
4.5 -9.03093
4.6 -9.03066
4.7 -9.03039
4.8 -9.03012
4.9 -9.02985
5 -9.02958
5.1 -9.02931
5.2 -9.02903
5.3 -9.02875
5.4 -9.02847
5.5 -9.02819
5.6 -9.02791
5.7 -9.02763
5.8 -9.02734
5.9 -9.02705
6 -9.02676
6.1 -9.02647
6.2 -9.02618
6.3 -9.02588
6.4 -9.02559
6.5 -9.02529
6.6 -9.02499
6.7 -9.02469
6.8 -9.02439
6.9 -9.02408
7 -9.02377
7.1 -9.02347
7.2 -9.02315
7.3 -9.02284
7.4 -9.02253
7.5 -9.02221
7.6 -9.02189
7.7 -9.02157
7.8 -9.02125
7.9 -9.02093
8 -9.0206
8.1 -9.02028
8.2 -9.01995
8.3 -9.01962
8.4 -9.01928
8.5 -9.01895
8.6 -9.01861
8.7 -9.01827
8.8 -9.01793
8.9 -9.01759
9 -9.01724
9.1 -9.0169
9.2 -9.01655
9.3 -9.01619
9.4 -9.01584
9.5 -9.01549
9.6 -9.01513
9.7 -9.01477
9.8 -9.01441
9.9 -9.01404
10 -9.01368
10.1 -9.01331
10.2 -9.01294
10.3 -9.01257
10.4 -9.01219
10.5 -9.01181
10.6 -9.01143
10.7 -9.01105
10.8 -9.01067
10.9 -9.01028
11 -9.00989
11.1 -9.0095
11.2 -9.00911
11.3 -9.00872
11.4 -9.00832
11.5 -9.00792
11.6 -9.00752
11.7 -9.00711
11.8 -9.00671
11.9 -9.0063
12 -9.00589
12.1 -9.00547
12.2 -9.00506
12.3 -9.00464
12.4 -9.00422
12.5 -9.00379
12.6 -9.00337
12.7 -9.00294
12.8 -9.00251
12.9 -9.00208
13 -9.00164
13.1 -9.0012
13.2 -9.00076
13.3 -9.00032
13.4 -8.99987
13.5 -8.99942
13.6 -8.99897
13.7 -8.99852
13.8 -8.99807
13.9 -8.99761
14 -8.99715
14.1 -8.99668
14.2 -8.99622
14.3 -8.99575
14.4 -8.99528
14.5 -8.9948
14.6 -8.99433
14.7 -8.99385
14.8 -8.99337
14.9 -8.99288
15 -8.99239
15.1 -8.9919
15.2 -8.99141
15.3 -8.99092
15.4 -8.99042
15.5 -8.98992
15.6 -8.98942
15.7 -8.98891
15.8 -8.9884
15.9 -8.98789
16 -8.98738
16.1 -8.98686
16.2 -8.98634
16.3 -8.98582
16.4 -8.98529
16.5 -8.98477
16.6 -8.98424
16.7 -8.9837
16.8 -8.98317
16.9 -8.98263
17 -8.98209
17.1 -8.98154
17.2 -8.981
17.3 -8.98045
17.4 -8.9799
17.5 -8.97934
17.6 -8.97878
17.7 -8.97822
17.8 -8.97766
17.9 -8.97709
18 -8.97652
18.1 -8.97595
18.2 -8.97538
18.3 -8.9748
18.4 -8.97422
18.5 -8.97364
18.6 -8.97305
18.7 -8.97246
18.8 -8.97187
18.9 -8.97128
19 -8.97068
19.1 -8.97008
19.2 -8.96948
19.3 -8.96887
19.4 -8.96827
19.5 -8.96765
19.6 -8.96704
19.7 -8.96643
19.8 -8.96581
19.9 -8.96518
20 -8.96456
20.1 -8.96393
20.2 -8.9633
20.3 -8.96267
20.4 -8.96203
20.5 -8.9614
20.6 -8.96076
20.7 -8.96011
20.8 -8.95947
20.9 -8.95882
21 -8.95816
21.1 -8.95751
21.2 -8.95685
21.3 -8.95619
21.4 -8.95553
21.5 -8.95487
21.6 -8.9542
21.7 -8.95353
21.8 -8.95286
21.9 -8.95218
22 -8.9515
22.1 -8.95082
22.2 -8.95014
22.3 -8.94945
22.4 -8.94876
22.5 -8.94807
22.6 -8.94738
22.7 -8.94668
22.8 -8.94599
22.9 -8.94529
23 -8.94458
23.1 -8.94388
23.2 -8.94317
23.3 -8.94246
23.4 -8.94175
23.5 -8.94103
23.6 -8.94031
23.7 -8.93959
23.8 -8.93887
23.9 -8.93814
24 -8.93742
24.1 -8.93669
24.2 -8.93596
24.3 -8.93522
24.4 -8.93449
24.5 -8.93375
24.6 -8.93301
24.7 -8.93227
24.8 -8.93152
24.9 -8.93077
25 -8.93002
25.1 -8.92927
25.2 -8.92852
25.3 -8.92777
25.4 -8.92701
25.5 -8.92625
25.6 -8.92549
25.7 -8.92472
25.8 -8.92396
25.9 -8.92319
26 -8.92242
26.1 -8.92165
26.2 -8.92088
26.3 -8.9201
26.4 -8.91933
26.5 -8.91855
26.6 -8.91777
26.7 -8.91699
26.8 -8.91621
26.9 -8.91542
27 -8.91463
27.1 -8.91385
27.2 -8.91306
27.3 -8.91226
27.4 -8.91147
27.5 -8.91068
27.6 -8.90988
27.7 -8.90908
27.8 -8.90828
27.9 -8.90748
28 -8.90668
28.1 -8.90588
28.2 -8.90507
28.3 -8.90427
28.4 -8.90346
28.5 -8.90265
28.6 -8.90184
28.7 -8.90103
28.8 -8.90022
28.9 -8.89941
29 -8.89859
29.1 -8.89778
29.2 -8.89696
29.3 -8.89614
29.4 -8.89533
29.5 -8.89451
29.6 -8.89369
29.7 -8.89286
29.8 -8.89204
29.9 -8.89122
30 -8.8904
30.1 -8.88957
30.2 -8.88874
30.3 -8.88792
30.4 -8.88709
30.5 -8.88626
30.6 -8.88544
30.7 -8.88461
30.8 -8.88378
30.9 -8.88295
31 -8.88212
31.1 -8.88128
31.2 -8.88045
31.3 -8.87962
31.4 -8.87879
31.5 -8.87795
31.6 -8.87712
31.7 -8.87629
31.8 -8.87545
31.9 -8.87462
32 -8.87378
32.1 -8.87295
32.2 -8.87211
32.3 -8.87128
32.4 -8.87044
32.5 -8.8696
32.6 -8.86877
32.7 -8.86793
32.8 -8.86709
32.9 -8.86626
33 -8.86542
33.1 -8.86458
33.2 -8.86375
33.3 -8.86291
33.4 -8.86208
33.5 -8.86124
33.6 -8.8604
33.7 -8.85957
33.8 -8.85873
33.9 -8.8579
34 -8.85706
34.1 -8.85622
34.2 -8.85539
34.3 -8.85455
34.4 -8.85372
34.5 -8.85289
34.6 -8.85205
34.7 -8.85122
34.8 -8.85039
34.9 -8.84955
35 -8.84872
35.1 -8.84789
35.2 -8.84706
35.3 -8.84623
35.4 -8.8454
35.5 -8.84457
35.6 -8.84374
35.7 -8.84291
35.8 -8.84208
35.9 -8.84126
36 -8.84043
36.1 -8.8396
36.2 -8.83878
36.3 -8.83795
36.4 -8.83713
36.5 -8.83631
36.6 -8.83548
36.7 -8.83466
36.8 -8.83384
36.9 -8.83302
37 -8.8322
37.1 -8.83138
37.2 -8.83057
37.3 -8.82975
37.4 -8.82893
37.5 -8.82812
37.6 -8.8273
37.7 -8.82649
37.8 -8.82568
37.9 -8.82487
38 -8.82406
38.1 -8.82325
38.2 -8.82244
38.3 -8.82163
38.4 -8.82083
38.5 -8.82002
38.6 -8.81922
38.7 -8.81841
38.8 -8.81761
38.9 -8.81681
39 -8.81601
39.1 -8.81521
39.2 -8.81441
39.3 -8.81361
39.4 -8.81282
39.5 -8.81202
39.6 -8.81123
39.7 -8.81044
39.8 -8.80964
39.9 -8.80885
40 -8.80806
40.1 -8.80728
40.2 -8.80649
40.3 -8.8057
40.4 -8.80492
40.5 -8.80413
40.6 -8.80335
40.7 -8.80257
40.8 -8.80179
40.9 -8.80101
41 -8.80023
41.1 -8.79946
41.2 -8.79868
41.3 -8.79791
41.4 -8.79714
41.5 -8.79636
41.6 -8.79559
41.7 -8.79482
41.8 -8.79406
41.9 -8.79329
42 -8.79252
42.1 -8.79176
42.2 -8.79099
42.3 -8.79023
42.4 -8.78947
42.5 -8.78871
42.6 -8.78795
42.7 -8.7872
42.8 -8.78644
42.9 -8.78568
43 -8.78493
43.1 -8.78418
43.2 -8.78343
43.3 -8.78268
43.4 -8.78193
43.5 -8.78118
43.6 -8.78043
43.7 -8.77969
43.8 -8.77894
43.9 -8.7782
44 -8.77746
44.1 -8.77672
44.2 -8.77598
44.3 -8.77524
44.4 -8.7745
44.5 -8.77376
44.6 -8.77303
44.7 -8.77229
44.8 -8.77156
44.9 -8.77083
45 -8.7701
45.1 -8.76937
45.2 -8.76864
45.3 -8.76791
45.4 -8.76719
45.5 -8.76646
45.6 -8.76574
45.7 -8.76501
45.8 -8.76429
45.9 -8.76357
46 -8.76285
46.1 -8.76213
46.2 -8.76141
46.3 -8.76069
46.4 -8.75998
46.5 -8.75926
46.6 -8.75855
46.7 -8.75783
46.8 -8.75712
46.9 -8.75641
47 -8.7557
47.1 -8.75499
47.2 -8.75428
47.3 -8.75357
47.4 -8.75286
47.5 -8.75215
47.6 -8.75145
47.7 -8.75074
47.8 -8.75004
47.9 -8.74934
48 -8.74863
48.1 -8.74793
48.2 -8.74723
48.3 -8.74653
48.4 -8.74583
48.5 -8.74513
48.6 -8.74443
48.7 -8.74374
48.8 -8.74304
48.9 -8.74234
49 -8.74165
49.1 -8.74095
49.2 -8.74026
49.3 -8.73956
49.4 -8.73887
49.5 -8.73818
49.6 -8.73749
49.7 -8.73679
49.8 -8.7361
49.9 -8.73541
50 -8.73472
50.1 -8.73403
50.2 -8.73334
50.3 -8.73266
50.4 -8.73197
50.5 -8.73128
50.6 -8.73059
50.7 -8.7299
50.8 -8.72922
50.9 -8.72853
51 -8.72785
51.1 -8.72716
51.2 -8.72647
51.3 -8.72579
51.4 -8.7251
51.5 -8.72442
51.6 -8.72374
51.7 -8.72305
51.8 -8.72237
51.9 -8.72168
52 -8.721
52.1 -8.72032
52.2 -8.71963
52.3 -8.71895
52.4 -8.71827
52.5 -8.71758
52.6 -8.7169
52.7 -8.71622
52.8 -8.71553
52.9 -8.71485
53 -8.71417
53.1 -8.71348
53.2 -8.7128
53.3 -8.71212
53.4 -8.71143
53.5 -8.71075
53.6 -8.71007
53.7 -8.70938
53.8 -8.7087
53.9 -8.70802
54 -8.70733
54.1 -8.70665
54.2 -8.70596
54.3 -8.70528
54.4 -8.70459
54.5 -8.70391
54.6 -8.70322
54.7 -8.70253
54.8 -8.70185
54.9 -8.70116
55 -8.70047
55.1 -8.69979
55.2 -8.6991
55.3 -8.69841
55.4 -8.69772
55.5 -8.69703
55.6 -8.69634
55.7 -8.69565
55.8 -8.69496
55.9 -8.69427
56 -8.69358
56.1 -8.69288
56.2 -8.69219
56.3 -8.6915
56.4 -8.6908
56.5 -8.69011
56.6 -8.68941
56.7 -8.68871
56.8 -8.68802
56.9 -8.68732
57 -8.68662
57.1 -8.68592
57.2 -8.68522
57.3 -8.68452
57.4 -8.68382
57.5 -8.68312
57.6 -8.68241
57.7 -8.68171
57.8 -8.681
57.9 -8.6803
58 -8.67959
58.1 -8.67888
58.2 -8.67818
58.3 -8.67747
58.4 -8.67676
58.5 -8.67604
58.6 -8.67533
58.7 -8.67462
58.8 -8.6739
58.9 -8.67319
59 -8.67247
59.1 -8.67175
59.2 -8.67104
59.3 -8.67032
59.4 -8.6696
59.5 -8.66887
59.6 -8.66815
59.7 -8.66743
59.8 -8.6667
59.9 -8.66598
60 -8.66525
60.1 -8.66452
60.2 -8.66379
60.3 -8.66306
60.4 -8.66233
60.5 -8.66159
60.6 -8.66086
60.7 -8.66012
60.8 -8.65939
60.9 -8.65865
61 -8.65791
61.1 -8.65717
61.2 -8.65643
61.3 -8.65568
61.4 -8.65494
61.5 -8.65419
61.6 -8.65345
61.7 -8.6527
61.8 -8.65195
61.9 -8.6512
62 -8.65044
62.1 -8.64969
62.2 -8.64894
62.3 -8.64818
62.4 -8.64742
62.5 -8.64666
62.6 -8.6459
62.7 -8.64514
62.8 -8.64438
62.9 -8.64362
63 -8.64285
63.1 -8.64209
63.2 -8.64132
63.3 -8.64055
63.4 -8.63978
63.5 -8.63901
63.6 -8.63824
63.7 -8.63746
63.8 -8.63669
63.9 -8.63591
64 -8.63513
64.1 -8.63435
64.2 -8.63357
64.3 -8.63279
64.4 -8.63201
64.5 -8.63123
64.6 -8.63044
64.7 -8.62966
64.8 -8.62887
64.9 -8.62808
65 -8.62729
65.1 -8.6265
65.2 -8.62571
65.3 -8.62492
65.4 -8.62413
65.5 -8.62334
65.6 -8.62254
65.7 -8.62175
65.8 -8.62095
65.9 -8.62015
66 -8.61935
66.1 -8.61856
66.2 -8.61776
66.3 -8.61696
66.4 -8.61616
66.5 -8.61536
66.6 -8.61455
66.7 -8.61375
66.8 -8.61295
66.9 -8.61215
67 -8.61134
67.1 -8.61054
67.2 -8.60974
67.3 -8.60893
67.4 -8.60813
67.5 -8.60733
67.6 -8.60652
67.7 -8.60572
67.8 -8.60492
67.9 -8.60411
68 -8.60331
68.1 -8.60251
68.2 -8.60171
68.3 -8.6009
68.4 -8.6001
68.5 -8.5993
68.6 -8.5985
68.7 -8.59771
68.8 -8.59691
68.9 -8.59611
69 -8.59532
69.1 -8.59452
69.2 -8.59373
69.3 -8.59294
69.4 -8.59215
69.5 -8.59137
69.6 -8.59058
69.7 -8.5898
69.8 -8.58902
69.9 -8.58824
70 -8.58746
70.1 -8.58669
70.2 -8.58592
70.3 -8.58515
70.4 -8.58438
70.5 -8.58362
70.6 -8.58286
70.7 -8.58211
70.8 -8.58136
70.9 -8.58061
71 -8.57987
71.1 -8.57913
71.2 -8.5784
71.3 -8.57767
71.4 -8.57694
71.5 -8.57623
71.6 -8.57551
71.7 -8.5748
71.8 -8.5741
71.9 -8.57341
72 -8.57272
72.1 -8.57203
72.2 -8.57136
72.3 -8.57069
72.4 -8.57003
72.5 -8.56937
72.6 -8.56873
72.7 -8.56809
72.8 -8.56746
72.9 -8.56684
73 -8.56623
73.1 -8.56563
73.2 -8.56504
73.3 -8.56446
73.4 -8.56389
73.5 -8.56334
73.6 -8.56279
73.7 -8.56226
73.8 -8.56173
73.9 -8.56123
74 -8.56073
74.1 -8.56025
74.2 -8.55978
74.3 -8.55933
74.4 -8.55889
74.5 -8.55847
74.6 -8.55806
74.7 -8.55768
74.8 -8.5573
74.9 -8.55695
75 -8.55662
75.1 -8.5563
75.2 -8.556
75.3 -8.55573
75.4 -8.55547
75.5 -8.55524
75.6 -8.55503
75.7 -8.55484
75.8 -8.55468
75.9 -8.55454
76 -8.55442
76.1 -8.55433
76.2 -8.55427
76.3 -8.55424
76.4 -8.55423
76.5 -8.55425
76.6 -8.55431
76.7 -8.55439
76.8 -8.5545
76.9 -8.55465
77 -8.55483
77.1 -8.55505
77.2 -8.5553
77.3 -8.55559
77.4 -8.55592
77.5 -8.55628
77.6 -8.55669
77.7 -8.55714
77.8 -8.55762
77.9 -8.55816
78 -8.55873
78.1 -8.55935
78.2 -8.56002
78.3 -8.56074
78.4 -8.5615
78.5 -8.56232
78.6 -8.56318
78.7 -8.5641
78.8 -8.56508
78.9 -8.56611
79 -8.5672
79.1 -8.56834
79.2 -8.56955
79.3 -8.57082
79.4 -8.57215
79.5 -8.57354
79.6 -8.575
79.7 -8.57653
79.8 -8.57813
79.9 -8.5798
80 -8.58153
80.1 -8.58335
80.2 -8.58523
80.3 -8.5872
80.4 -8.58924
80.5 -8.59136
80.6 -8.59356
80.7 -8.59585
80.8 -8.59821
80.9 -8.60067
81 -8.60321
81.1 -8.60584
81.2 -8.60856
81.3 -8.61137
81.4 -8.61427
81.5 -8.61726
81.6 -8.62035
81.7 -8.62354
81.8 -8.62683
81.9 -8.63021
82 -8.63369
82.1 -8.63728
82.2 -8.64096
82.3 -8.64475
82.4 -8.64864
82.5 -8.65264
82.6 -8.65673
82.7 -8.66094
82.8 -8.66525
82.9 -8.66966
83 -8.67418
83.1 -8.67881
83.2 -8.68354
83.3 -8.68837
83.4 -8.69331
83.5 -8.69836
83.6 -8.70351
83.7 -8.70876
83.8 -8.71411
83.9 -8.71957
84 -8.72512
84.1 -8.73077
84.2 -8.73652
84.3 -8.74236
84.4 -8.74829
84.5 -8.75431
84.6 -8.76042
84.7 -8.76662
84.8 -8.7729
84.9 -8.77925
85 -8.78569
85.1 -8.7922
85.2 -8.79878
85.3 -8.80542
85.4 -8.81213
85.5 -8.8189
85.6 -8.82573
85.7 -8.8326
85.8 -8.83953
85.9 -8.8465
86 -8.8535
86.1 -8.86055
86.2 -8.86762
86.3 -8.87472
86.4 -8.88185
86.5 -8.88899
86.6 -8.89614
86.7 -8.90331
86.8 -8.91048
86.9 -8.91764
87 -8.92481
87.1 -8.93196
87.2 -8.93911
87.3 -8.94623
87.4 -8.95334
87.5 -8.96042
87.6 -8.96747
87.7 -8.97449
87.8 -8.98147
87.9 -8.98841
88 -8.9953
88.1 -9.00216
88.2 -9.00896
88.3 -9.0157
88.4 -9.02239
88.5 -9.02903
88.6 -9.0356
88.7 -9.0421
88.8 -9.04855
88.9 -9.05492
89 -9.06122
89.1 -9.06745
89.2 -9.07361
89.3 -9.07969
89.4 -9.0857
89.5 -9.09163
89.6 -9.09747
89.7 -9.10324
89.8 -9.10893
89.9 -9.11454
90 -9.12007
90.1 -9.12551
90.2 -9.13088
90.3 -9.13616
90.4 -9.14135
90.5 -9.14647
90.6 -9.1515
90.7 -9.15645
90.8 -9.16132
90.9 -9.1661
91 -9.17081
91.1 -9.17543
91.2 -9.17998
91.3 -9.18444
91.4 -9.18883
91.5 -9.19314
91.6 -9.19737
91.7 -9.20152
91.8 -9.2056
91.9 -9.20961
92 -9.21354
92.1 -9.21739
92.2 -9.22118
92.3 -9.2249
92.4 -9.22854
92.5 -9.23212
92.6 -9.23563
92.7 -9.23908
92.8 -9.24246
92.9 -9.24577
93 -9.24902
93.1 -9.25221
93.2 -9.25534
93.3 -9.25841
93.4 -9.26143
93.5 -9.26438
93.6 -9.26728
93.7 -9.27012
93.8 -9.27291
93.9 -9.27564
94 -9.27832
94.1 -9.28095
94.2 -9.28354
94.3 -9.28607
94.4 -9.28855
94.5 -9.29099
94.6 -9.29338
94.7 -9.29573
94.8 -9.29803
94.9 -9.30029
95 -9.3025
95.1 -9.30468
95.2 -9.30681
95.3 -9.30891
95.4 -9.31097
95.5 -9.31299
95.6 -9.31497
95.7 -9.31691
95.8 -9.31882
95.9 -9.3207
96 -9.32254
96.1 -9.32435
96.2 -9.32612
96.3 -9.32787
96.4 -9.32958
96.5 -9.33126
96.6 -9.33291
96.7 -9.33454
96.8 -9.33613
96.9 -9.3377
97 -9.33924
97.1 -9.34075
97.2 -9.34224
97.3 -9.3437
97.4 -9.34514
97.5 -9.34655
97.6 -9.34794
97.7 -9.34931
97.8 -9.35065
97.9 -9.35197
98 -9.35327
98.1 -9.35455
98.2 -9.35581
98.3 -9.35704
98.4 -9.35826
98.5 -9.35945
98.6 -9.36063
98.7 -9.36179
98.8 -9.36293
98.9 -9.36405
99 -9.36516
99.1 -9.36624
99.2 -9.36731
99.3 -9.36837
99.4 -9.3694
99.5 -9.37042
99.6 -9.37143
99.7 -9.37242
99.8 -9.3734
99.9 -9.37436
100 -9.3753
100.001 -10
