0 0
0.1 -0.270836
0.2 -0.270373
0.3 -0.269907
0.4 -0.269439
0.5 -0.268968
0.6 -0.268494
0.7 -0.268017
0.8 -0.267538
0.9 -0.267057
1 -0.266572
1.1 -0.266085
1.2 -0.265595
1.3 -0.265102
1.4 -0.264607
1.5 -0.264109
1.6 -0.263607
1.7 -0.263103
1.8 -0.262597
1.9 -0.262087
2 -0.261574
2.1 -0.261059
2.2 -0.26054
2.3 -0.260019
2.4 -0.259494
2.5 -0.258967
2.6 -0.258436
2.7 -0.257903
2.8 -0.257366
2.9 -0.256826
3 -0.256283
3.1 -0.255737
3.2 -0.255188
3.3 -0.254636
3.4 -0.25408
3.5 -0.253522
3.6 -0.25296
3.7 -0.252395
3.8 -0.251826
3.9 -0.251254
4 -0.250679
4.1 -0.250101
4.2 -0.249519
4.3 -0.248934
4.4 -0.248345
4.5 -0.247753
4.6 -0.247157
4.7 -0.246558
4.8 -0.245956
4.9 -0.245349
5 -0.24474
5.1 -0.244127
5.2 -0.24351
5.3 -0.242889
5.4 -0.242265
5.5 -0.241638
5.6 -0.241006
5.7 -0.240371
5.8 -0.239732
5.9 -0.239089
6 -0.238443
6.1 -0.237793
6.2 -0.237139
6.3 -0.236481
6.4 -0.235819
6.5 -0.235153
6.6 -0.234483
6.7 -0.23381
6.8 -0.233132
6.9 -0.23245
7 -0.231765
7.1 -0.231075
7.2 -0.230381
7.3 -0.229683
7.4 -0.228981
7.5 -0.228275
7.6 -0.227565
7.7 -0.22685
7.8 -0.226132
7.9 -0.225409
8 -0.224681
8.1 -0.22395
8.2 -0.223214
8.3 -0.222473
8.4 -0.221729
8.5 -0.22098
8.6 -0.220226
8.7 -0.219468
8.8 -0.218706
8.9 -0.217939
9 -0.217168
9.1 -0.216392
9.2 -0.215611
9.3 -0.214826
9.4 -0.214036
9.5 -0.213242
9.6 -0.212443
9.7 -0.211639
9.8 -0.21083
9.9 -0.210017
10 -0.209199
10.1 -0.208376
10.2 -0.207549
10.3 -0.206716
10.4 -0.205879
10.5 -0.205036
10.6 -0.204189
10.7 -0.203337
10.8 -0.20248
10.9 -0.201618
11 -0.200751
11.1 -0.199879
11.2 -0.199001
11.3 -0.198119
11.4 -0.197232
11.5 -0.196339
11.6 -0.195441
11.7 -0.194539
11.8 -0.19363
11.9 -0.192717
12 -0.191799
12.1 -0.190875
12.2 -0.189946
12.3 -0.189011
12.4 -0.188071
12.5 -0.187126
12.6 -0.186176
12.7 -0.18522
12.8 -0.184259
12.9 -0.183292
13 -0.18232
13.1 -0.181342
13.2 -0.180359
13.3 -0.17937
13.4 -0.178376
13.5 -0.177376
13.6 -0.176371
13.7 -0.17536
13.8 -0.174343
13.9 -0.173321
14 -0.172293
14.1 -0.171259
14.2 -0.17022
14.3 -0.169175
14.4 -0.168124
14.5 -0.167068
14.6 -0.166006
14.7 -0.164938
14.8 -0.163864
14.9 -0.162784
15 -0.161699
15.1 -0.160608
15.2 -0.159511
15.3 -0.158408
15.4 -0.157299
15.5 -0.156184
15.6 -0.155064
15.7 -0.153937
15.8 -0.152805
15.9 -0.151666
16 -0.150522
16.1 -0.149372
16.2 -0.148216
16.3 -0.147054
16.4 -0.145885
16.5 -0.144711
16.6 -0.143531
16.7 -0.142345
16.8 -0.141153
16.9 -0.139955
17 -0.13875
17.1 -0.13754
17.2 -0.136324
17.3 -0.135102
17.4 -0.133873
17.5 -0.132639
17.6 -0.131398
17.7 -0.130152
17.8 -0.128899
17.9 -0.127641
18 -0.126376
18.1 -0.125105
18.2 -0.123828
18.3 -0.122546
18.4 -0.121257
18.5 -0.119962
18.6 -0.118661
18.7 -0.117354
18.8 -0.116041
18.9 -0.114721
19 -0.113396
19.1 -0.112065
19.2 -0.110728
19.3 -0.109385
19.4 -0.108035
19.5 -0.10668
19.6 -0.105319
19.7 -0.103952
19.8 -0.102579
19.9 -0.1012
20 -0.0998144
20.1 -0.0984235
20.2 -0.0970265
20.3 -0.0956237
20.4 -0.094215
20.5 -0.0928004
20.6 -0.0913799
20.7 -0.0899536
20.8 -0.0885215
20.9 -0.0870835
21 -0.0856398
21.1 -0.0841903
21.2 -0.082735
21.3 -0.081274
21.4 -0.0798073
21.5 -0.0783349
21.6 -0.0768568
21.7 -0.075373
21.8 -0.0738837
21.9 -0.0723887
22 -0.0708882
22.1 -0.0693821
22.2 -0.0678705
22.3 -0.0663534
22.4 -0.0648308
22.5 -0.0633028
22.6 -0.0617694
22.7 -0.0602306
22.8 -0.0586864
22.9 -0.0571369
23 -0.0555821
23.1 -0.0540221
23.2 -0.0524568
23.3 -0.0508864
23.4 -0.0493107
23.5 -0.04773
23.6 -0.0461442
23.7 -0.0445533
23.8 -0.0429574
23.9 -0.0413565
24 -0.0397507
24.1 -0.0381399
24.2 -0.0365243
24.3 -0.0349039
24.4 -0.0332787
24.5 -0.0316487
24.6 -0.0300141
24.7 -0.0283747
24.8 -0.0267308
24.9 -0.0250822
25 -0.0234292
25.1 -0.0217716
25.2 -0.0201096
25.3 -0.0184432
25.4 -0.0167724
25.5 -0.0150973
25.6 -0.013418
25.7 -0.0117344
25.8 -0.0100467
25.9 -0.00835477
26 -0.00665882
26.1 -0.00495883
26.2 -0.00325486
26.3 -0.00154696
26.4 0.000164829
26.5 0.00188045
26.6 0.00359985
26.7 0.00532299
26.8 0.00704981
26.9 0.00878026
27 0.0105143
27.1 0.0122519
27.2 0.0139929
27.3 0.0157373
27.4 0.0174852
27.5 0.0192363
27.6 0.0209907
27.7 0.0227483
27.8 0.0245091
27.9 0.026273
28 0.0280399
28.1 0.0298099
28.2 0.0315827
28.3 0.0333585
28.4 0.0351371
28.5 0.0369184
28.6 0.0387025
28.7 0.0404892
28.8 0.0422786
28.9 0.0440705
29 0.0458649
29.1 0.0476617
29.2 0.049461
29.3 0.0512625
29.4 0.0530664
29.5 0.0548724
29.6 0.0566807
29.7 0.058491
29.8 0.0603034
29.9 0.0621178
30 0.0639341
30.1 0.0657523
30.2 0.0675724
30.3 0.0693942
30.4 0.0712177
30.5 0.0730429
30.6 0.0748697
30.7 0.0766981
30.8 0.078528
30.9 0.0803593
31 0.082192
31.1 0.084026
31.2 0.0858613
31.3 0.0876979
31.4 0.0895356
31.5 0.0913744
31.6 0.0932143
31.7 0.0950553
31.8 0.0968971
31.9 0.0987399
32 0.100584
32.1 0.102428
32.2 0.104273
32.3 0.106119
32.4 0.107966
32.5 0.109813
32.6 0.11166
32.7 0.113509
32.8 0.115357
32.9 0.117206
33 0.119056
33.1 0.120905
33.2 0.122755
33.3 0.124606
33.4 0.126456
33.5 0.128306
33.6 0.130157
33.7 0.132007
33.8 0.133858
33.9 0.135708
34 0.137558
34.1 0.139409
34.2 0.141259
34.3 0.143108
34.4 0.144958
34.5 0.146807
34.6 0.148655
34.7 0.150504
34.8 0.152351
34.9 0.154199
35 0.156045
35.1 0.157892
35.2 0.159737
35.3 0.161582
35.4 0.163426
35.5 0.16527
35.6 0.167113
35.7 0.168955
35.8 0.170796
35.9 0.172636
36 0.174475
36.1 0.176314
36.2 0.178151
36.3 0.179987
36.4 0.181823
36.5 0.183657
36.6 0.18549
36.7 0.187322
36.8 0.189153
36.9 0.190983
37 0.192812
37.1 0.194639
37.2 0.196465
37.3 0.19829
37.4 0.200113
37.5 0.201935
37.6 0.203756
37.7 0.205575
37.8 0.207393
37.9 0.20921
38 0.211025
38.1 0.212838
38.2 0.214651
38.3 0.216461
38.4 0.21827
38.5 0.220078
38.6 0.221883
38.7 0.223688
38.8 0.22549
38.9 0.227292
39 0.229091
39.1 0.230889
39.2 0.232685
39.3 0.234479
39.4 0.236272
39.5 0.238063
39.6 0.239853
39.7 0.24164
39.8 0.243426
39.9 0.24521
40 0.246993
40.1 0.248773
40.2 0.250552
40.3 0.252329
40.4 0.254105
40.5 0.255878
40.6 0.25765
40.7 0.25942
40.8 0.261188
40.9 0.262954
41 0.264719
41.1 0.266482
41.2 0.268243
41.3 0.270002
41.4 0.271759
41.5 0.273515
41.6 0.275269
41.7 0.277021
41.8 0.278771
41.9 0.280519
42 0.282266
42.1 0.284011
42.2 0.285754
42.3 0.287495
42.4 0.289235
42.5 0.290973
42.6 0.292709
42.7 0.294443
42.8 0.296176
42.9 0.297907
43 0.299636
43.1 0.301363
43.2 0.303089
43.3 0.304813
43.4 0.306536
43.5 0.308257
43.6 0.309976
43.7 0.311693
43.8 0.31341
43.9 0.315124
44 0.316837
44.1 0.318548
44.2 0.320258
44.3 0.321966
44.4 0.323673
44.5 0.325379
44.6 0.327082
44.7 0.328785
44.8 0.330486
44.9 0.332186
45 0.333884
45.1 0.335581
45.2 0.337277
45.3 0.338971
45.4 0.340664
45.5 0.342356
45.6 0.344047
45.7 0.345736
45.8 0.347424
45.9 0.349111
46 0.350797
46.1 0.352482
46.2 0.354166
46.3 0.355849
46.4 0.357531
46.5 0.359212
46.6 0.360892
46.7 0.362571
46.8 0.364249
46.9 0.365927
47 0.367603
47.1 0.369279
47.2 0.370954
47.3 0.372629
47.4 0.374303
47.5 0.375976
47.6 0.377648
47.7 0.37932
47.8 0.380992
47.9 0.382663
48 0.384333
48.1 0.386003
48.2 0.387673
48.3 0.389343
48.4 0.391012
48.5 0.392681
48.6 0.39435
48.7 0.396018
48.8 0.397687
48.9 0.399355
49 0.401024
49.1 0.402692
49.2 0.404361
49.3 0.406029
49.4 0.407698
49.5 0.409367
49.6 0.411036
49.7 0.412706
49.8 0.414375
49.9 0.416046
50 0.417716
50.1 0.419387
50.2 0.421059
50.3 0.422731
50.4 0.424404
50.5 0.426078
50.6 0.427752
50.7 0.429427
50.8 0.431103
50.9 0.43278
51 0.434458
51.1 0.436136
51.2 0.437816
51.3 0.439497
51.4 0.441179
51.5 0.442862
51.6 0.444547
51.7 0.446233
51.8 0.44792
51.9 0.449609
52 0.451299
52.1 0.452991
52.2 0.454684
52.3 0.456379
52.4 0.458076
52.5 0.459774
52.6 0.461475
52.7 0.463177
52.8 0.464882
52.9 0.466588
53 0.468296
53.1 0.470007
53.2 0.47172
53.3 0.473435
53.4 0.475153
53.5 0.476873
53.6 0.478595
53.7 0.48032
53.8 0.482048
53.9 0.483778
54 0.485511
54.1 0.487247
54.2 0.488986
54.3 0.490727
54.4 0.492472
54.5 0.49422
54.6 0.495971
54.7 0.497725
54.8 0.499483
54.9 0.501244
55 0.503008
55.1 0.504776
55.2 0.506548
55.3 0.508323
55.4 0.510102
55.5 0.511885
55.6 0.513671
55.7 0.515462
55.8 0.517257
55.9 0.519056
56 0.520859
56.1 0.522666
56.2 0.524478
56.3 0.526294
56.4 0.528115
56.5 0.52994
56.6 0.53177
56.7 0.533605
56.8 0.535445
56.9 0.537289
57 0.539139
57.1 0.540994
57.2 0.542854
57.3 0.544719
57.4 0.54659
57.5 0.548466
57.6 0.550347
57.7 0.552234
57.8 0.554127
57.9 0.556026
58 0.557931
58.1 0.559841
58.2 0.561758
58.3 0.563681
58.4 0.56561
58.5 0.567545
58.6 0.569487
58.7 0.571436
58.8 0.573391
58.9 0.575353
59 0.577322
59.1 0.579297
59.2 0.58128
59.3 0.58327
59.4 0.585267
59.5 0.587271
59.6 0.589283
59.7 0.591302
59.8 0.593329
59.9 0.595364
60 0.597406
60.1 0.599457
60.2 0.601515
60.3 0.603582
60.4 0.605657
60.5 0.60774
60.6 0.609832
60.7 0.611932
60.8 0.614041
60.9 0.616159
61 0.618286
61.1 0.620422
61.2 0.622567
61.3 0.624722
61.4 0.626886
61.5 0.629059
61.6 0.631242
61.7 0.633435
61.8 0.635637
61.9 0.63785
62 0.640073
62.1 0.642306
62.2 0.644549
62.3 0.646803
62.4 0.649067
62.5 0.651343
62.6 0.653629
62.7 0.655926
62.8 0.658234
62.9 0.660554
63 0.662885
63.1 0.665227
63.2 0.667582
63.3 0.669948
63.4 0.672326
63.5 0.674716
63.6 0.677118
63.7 0.679533
63.8 0.681961
63.9 0.684401
64 0.686854
64.1 0.68932
64.2 0.691799
64.3 0.694291
64.4 0.696797
64.5 0.699316
64.6 0.701849
64.7 0.704396
64.8 0.706957
64.9 0.709533
65 0.712123
65.1 0.714727
65.2 0.717346
65.3 0.71998
65.4 0.722629
65.5 0.725294
65.6 0.727973
65.7 0.730669
65.8 0.73338
65.9 0.736107
66 0.73885
66.1 0.74161
66.2 0.744386
66.3 0.747179
66.4 0.749988
66.5 0.752815
66.6 0.755659
66.7 0.758521
66.8 0.7614
66.9 0.764297
67 0.767212
67.1 0.770146
67.2 0.773098
67.3 0.776069
67.4 0.779058
67.5 0.782067
67.6 0.785095
67.7 0.788143
67.8 0.791211
67.9 0.794298
68 0.797406
68.1 0.800535
68.2 0.803684
68.3 0.806854
68.4 0.810046
68.5 0.813259
68.6 0.816493
68.7 0.81975
68.8 0.823029
68.9 0.826331
69 0.829655
69.1 0.833002
69.2 0.836373
69.3 0.839767
69.4 0.843185
69.5 0.846628
69.6 0.850094
69.7 0.853586
69.8 0.857103
69.9 0.860644
70 0.864212
70.1 0.867806
70.2 0.871426
70.3 0.875072
70.4 0.878746
70.5 0.882446
70.6 0.886175
70.7 0.889931
70.8 0.893716
70.9 0.897529
71 0.901371
71.1 0.905243
71.2 0.909144
71.3 0.913076
71.4 0.917038
71.5 0.92103
71.6 0.925055
71.7 0.929111
71.8 0.933199
71.9 0.937319
72 0.941473
72.1 0.94566
72.2 0.94988
72.3 0.954135
72.4 0.958425
72.5 0.96275
72.6 0.967111
72.7 0.971508
72.8 0.975941
72.9 0.980412
73 0.98492
73.1 0.989466
73.2 0.994051
73.3 0.998676
73.4 1.00334
73.5 1.00804
73.6 1.01279
73.7 1.01758
73.8 1.02241
73.9 1.02728
74 1.03219
74.1 1.03715
74.2 1.04216
74.3 1.0472
74.4 1.0523
74.5 1.05744
74.6 1.06263
74.7 1.06787
74.8 1.07315
74.9 1.07849
75 1.08387
75.1 1.08931
75.2 1.0948
75.3 1.10034
75.4 1.10593
75.5 1.11158
75.6 1.11728
75.7 1.12304
75.8 1.12886
75.9 1.13473
76 1.14067
76.1 1.14666
76.2 1.15271
76.3 1.15883
76.4 1.165
76.5 1.17125
76.6 1.17755
76.7 1.18392
76.8 1.19036
76.9 1.19687
77 1.20345
77.1 1.21009
77.2 1.21681
77.3 1.2236
77.4 1.23047
77.5 1.23741
77.6 1.24442
77.7 1.25152
77.8 1.25869
77.9 1.26595
78 1.27328
78.1 1.2807
78.2 1.28821
78.3 1.2958
78.4 1.30348
78.5 1.31125
78.6 1.31911
78.7 1.32706
78.8 1.3351
78.9 1.34324
79 1.35148
79.1 1.35982
79.2 1.36825
79.3 1.37679
79.4 1.38543
79.5 1.39418
79.6 1.40304
79.7 1.412
79.8 1.42107
79.9 1.43026
80 1.43956
80.1 1.44898
80.2 1.45851
80.3 1.46816
80.4 1.47794
80.5 1.48783
80.6 1.49785
80.7 1.508
80.8 1.51827
80.9 1.52867
81 1.53921
81.1 1.54987
81.2 1.56067
81.3 1.5716
81.4 1.58267
81.5 1.59388
81.6 1.60523
81.7 1.61671
81.8 1.62834
81.9 1.64011
82 1.65202
82.1 1.66407
82.2 1.67627
82.3 1.68861
82.4 1.70109
82.5 1.71372
82.6 1.7265
82.7 1.73942
82.8 1.75248
82.9 1.76569
83 1.77904
83.1 1.79253
83.2 1.80616
83.3 1.81993
83.4 1.83384
83.5 1.84788
83.6 1.86206
83.7 1.87637
83.8 1.8908
83.9 1.90537
84 1.92005
84.1 1.93485
84.2 1.94977
84.3 1.9648
84.4 1.97994
84.5 1.99518
84.6 2.01052
84.7 2.02595
84.8 2.04147
84.9 2.05707
85 2.07275
85.1 2.08849
85.2 2.10431
85.3 2.12017
85.4 2.13609
85.5 2.15206
85.6 2.16806
85.7 2.18409
85.8 2.20014
85.9 2.2162
86 2.23228
86.1 2.24835
86.2 2.26441
86.3 2.28046
86.4 2.29649
86.5 2.31248
86.6 2.32843
86.7 2.34434
86.8 2.36019
86.9 2.37598
87 2.3917
87.1 2.40734
87.2 2.42289
87.3 2.43836
87.4 2.45372
87.5 2.46898
87.6 2.48413
87.7 2.49916
87.8 2.51406
87.9 2.52883
88 2.54347
88.1 2.55797
88.2 2.57232
88.3 2.58652
88.4 2.60057
88.5 2.61445
88.6 2.62817
88.7 2.64173
88.8 2.65512
88.9 2.66833
89 2.68137
89.1 2.69422
89.2 2.7069
89.3 2.7194
89.4 2.73172
89.5 2.74385
89.6 2.75579
89.7 2.76755
89.8 2.77912
89.9 2.7905
90 2.8017
90.1 2.81271
90.2 2.82353
90.3 2.83417
90.4 2.84462
90.5 2.85489
90.6 2.86498
90.7 2.87488
90.8 2.88461
90.9 2.89415
91 2.90352
91.1 2.91271
91.2 2.92173
91.3 2.93058
91.4 2.93926
91.5 2.94777
91.6 2.95612
91.7 2.9643
91.8 2.97233
91.9 2.9802
92 2.98791
92.1 2.99547
92.2 3.00288
92.3 3.01014
92.4 3.01726
92.5 3.02423
92.6 3.03107
92.7 3.03776
92.8 3.04433
92.9 3.05076
93 3.05706
93.1 3.06324
93.2 3.06929
93.3 3.07522
93.4 3.08103
93.5 3.08672
93.6 3.0923
93.7 3.09776
93.8 3.10312
93.9 3.10837
94 3.11352
94.1 3.11856
94.2 3.1235
94.3 3.12835
94.4 3.1331
94.5 3.13776
94.6 3.14232
94.7 3.1468
94.8 3.15118
94.9 3.15549
95 3.15971
95.1 3.16385
95.2 3.1679
95.3 3.17189
95.4 3.17579
95.5 3.17962
95.6 3.18338
95.7 3.18707
95.8 3.19069
95.9 3.19424
96 3.19773
96.1 3.20115
96.2 3.20451
96.3 3.20781
96.4 3.21105
96.5 3.21423
96.6 3.21735
96.7 3.22042
96.8 3.22343
96.9 3.22639
97 3.2293
97.1 3.23215
97.2 3.23496
97.3 3.23772
97.4 3.24043
97.5 3.2431
97.6 3.24572
97.7 3.24829
97.8 3.25083
97.9 3.25332
98 3.25577
98.1 3.25818
98.2 3.26055
98.3 3.26288
98.4 3.26518
98.5 3.26743
98.6 3.26966
98.7 3.27184
98.8 3.274
98.9 3.27612
99 3.2782
99.1 3.28025
99.2 3.28228
99.3 3.28427
99.4 3.28623
99.5 3.28816
99.6 3.29007
99.7 3.29194
99.8 3.29379
99.9 3.29561
100 3.2974
100.001 0
